Language  Premium  PPS      BPP     EntropyMean  EntropyVar  EntropySkew  EntropyKurtosis  EntropyAutocorr1  EntropyVolatility
tam_Taml  1.4034   50.5165  7.9182  0.4451       0.4601      1.9074       2.9577           -0.1638           1.0348
tha_Thai  1.3658   49.1625  7.0693  0.5193       0.6116      1.8363       2.5044           -0.0630           1.1403
arb_Arab  1.3195   47.4985  4.2355  0.8797       0.5008      0.9342       0.0407           -0.0613           1.0310
amh_Ethi  1.2992   46.7663  4.6840  0.7684       0.5794      0.8424       -0.1115          0.0404            1.0545
kat_Geor  1.2665   45.5888  8.1989  0.4588       0.6353      1.9131       2.6736           -0.1938           1.2316
srp_Cyrl  1.2635   45.4804  4.9937  0.7498       0.4929      1.3491       1.5876           0.0180            0.9839
heb_Hebr  1.2406   44.6550  3.9187  0.9397       1.0499      0.7163       -1.0760          -0.5683           1.8146
cmn_Hans  1.2262   44.1394  2.6644  1.6977       0.9376      0.0188       -0.6189          0.1144            1.2887
vie_Latn  1.1693   42.0913  4.1658  0.9906       0.9049      0.8695       -0.3379          0.0820            1.2889
kor_Hang  1.1620   41.8265  3.6190  1.1228       0.7460      0.6376       -0.1882          0.2439            1.0621
jpn_Jpan  1.1597   41.7442  3.8456  1.0776       0.8604      0.8040       -0.0783          0.2178            1.1601
spa_Latn  1.1558   41.6038  3.6664  1.1670       0.9697      0.6544       -0.6474          0.1558            1.2796
deu_Latn  1.1549   41.5717  3.5934  1.2197       1.1094      0.7183       -0.4670          0.1435            1.3786
ita_Latn  1.1486   41.3460  3.5949  1.2034       0.9079      0.5715       -0.6592          0.2041            1.2021
fin_Latn  1.1176   40.2287  3.4698  1.2771       0.8716      0.4791       -0.5946          0.2399            1.1511
fra_Latn  1.1151   40.1374  3.8627  1.1177       0.9373      0.6412       -0.6562          0.2015            1.2234
ron_Latn  1.1125   40.0461  3.7293  1.1785       0.9862      0.6011       -0.7024          0.2076            1.2502
hrv_Latn  1.0823   38.9579  3.2731  1.3718       0.9873      0.4644       -0.7465          0.1913            1.2637
nya_Latn  1.0630   38.2628  3.7165  1.1175       0.8585      0.6255       -0.5559          0.3075            1.0904
eng_Latn  1.0000   35.9960  3.4911  1.2724       1.0397      0.5747       -0.7007          0.1582            1.3231

# eng_Latn reference (cumulative_mono_rel0p25, t_2.6194, t_lower_bound): pps=35.9960	bpp=3.4911
