Language  Premium  PPS      BPP     EntropyMean  EntropyVar  EntropySkew  EntropyKurtosis  EntropyAutocorr1  EntropyVolatility
tam_Taml  1.4740   53.0873  7.5348  0.4451       0.4601      1.9074       2.9577           -0.1638           1.0348
tha_Thai  1.4206   51.1615  6.7931  0.5193       0.6116      1.8363       2.5044           -0.0630           1.1403
arb_Arab  1.3928   50.1625  4.0106  0.8797       0.5008      0.9342       0.0407           -0.0613           1.0310
amh_Ethi  1.3606   49.0020  4.4703  0.7684       0.5794      0.8424       -0.1115          0.0404            1.0545
heb_Hebr  1.3467   48.5015  3.6079  0.9397       1.0499      0.7163       -1.0760          -0.5683           1.8146
kat_Geor  1.3274   47.8064  7.8186  0.4588       0.6353      1.9131       2.6736           -0.1938           1.2316
srp_Cyrl  1.3098   47.1725  4.8146  0.7498       0.4929      1.3491       1.5876           0.0180            0.9839
cmn_Hans  1.2426   44.7513  2.6280  1.6977       0.9376      0.0188       -0.6189          0.1144            1.2887
vie_Latn  1.1839   42.6369  4.1125  0.9906       0.9049      0.8695       -0.3379          0.0820            1.2889
jpn_Jpan  1.1823   42.5807  3.7700  1.0776       0.8604      0.8040       -0.0783          0.2178            1.1601
kor_Hang  1.1711   42.1785  3.5888  1.1228       0.7460      0.6376       -0.1882          0.2439            1.0621
deu_Latn  1.1531   41.5296  3.5971  1.2197       1.1094      0.7183       -0.4670          0.1435            1.3786
spa_Latn  1.1484   41.3611  3.6879  1.1670       0.9697      0.6544       -0.6474          0.1558            1.2796
ita_Latn  1.1393   41.0301  3.6226  1.2034       0.9079      0.5715       -0.6592          0.2041            1.2021
fra_Latn  1.1161   40.1946  3.8572  1.1177       0.9373      0.6412       -0.6562          0.2015            1.2234
ron_Latn  1.1118   40.0421  3.7297  1.1785       0.9862      0.6011       -0.7024          0.2076            1.2502
fin_Latn  1.0988   39.5717  3.5274  1.2771       0.8716      0.4791       -0.5946          0.2399            1.1511
nya_Latn  1.0964   39.4865  3.6013  1.1175       0.8585      0.6255       -0.5559          0.3075            1.0904
hrv_Latn  1.0726   38.6309  3.3008  1.3718       0.9873      0.4644       -0.7465          0.1913            1.2637
eng_Latn  1.0000   36.0150  3.4893  1.2724       1.0397      0.5747       -0.7007          0.1582            1.3231

# eng_Latn reference (cumulative_mono_rel0p5, t_2.3792, t_lower_bound): pps=36.0150	bpp=3.4893
