Language  Premium  PPS      BPP     EntropyMean  EntropyVar  EntropySkew  EntropyKurtosis  EntropyAutocorr1  EntropyVolatility
tam_Taml  1.3559   48.8215  8.1931  0.4451       0.4601      1.9074       2.9577           -0.1638           1.0348
tha_Thai  1.3259   47.7442  7.2793  0.5193       0.6116      1.8363       2.5044           -0.0630           1.1403
arb_Arab  1.2681   45.6620  4.4058  0.8797       0.5008      0.9342       0.0407           -0.0613           1.0310
amh_Ethi  1.2623   45.4544  4.8192  0.7684       0.5794      0.8424       -0.1115          0.0404            1.0545
srp_Cyrl  1.2399   44.6449  5.0872  0.7498       0.4929      1.3491       1.5876           0.0180            0.9839
kat_Geor  1.2254   44.1234  8.4712  0.4588       0.6353      1.9131       2.6736           -0.1938           1.2316
cmn_Hans  1.2132   43.6851  2.6922  1.6977       0.9376      0.0188       -0.6189          0.1144            1.2887
spa_Latn  1.1566   41.6469  3.6626  1.1670       0.9697      0.6544       -0.6474          0.1558            1.2796
deu_Latn  1.1538   41.5456  3.5957  1.2197       1.1094      0.7183       -0.4670          0.1435            1.3786
vie_Latn  1.1480   41.3360  4.2419  0.9906       0.9049      0.8695       -0.3379          0.0820            1.2889
jpn_Jpan  1.1410   41.0863  3.9071  1.0776       0.8604      0.8040       -0.0783          0.2178            1.1601
ita_Latn  1.1398   41.0431  3.6214  1.2034       0.9079      0.5715       -0.6592          0.2041            1.2021
kor_Hang  1.1392   41.0191  3.6903  1.1228       0.7460      0.6376       -0.1882          0.2439            1.0621
fin_Latn  1.1361   40.9087  3.4121  1.2771       0.8716      0.4791       -0.5946          0.2399            1.1511
heb_Hebr  1.1331   40.7994  4.2890  0.9397       1.0499      0.7163       -1.0760          -0.5683           1.8146
fra_Latn  1.1121   40.0461  3.8715  1.1177       0.9373      0.6412       -0.6562          0.2015            1.2234
ron_Latn  1.1116   40.0271  3.7311  1.1785       0.9862      0.6011       -0.7024          0.2076            1.2502
hrv_Latn  1.0913   39.2939  3.2451  1.3718       0.9873      0.4644       -0.7465          0.1913            1.2637
nya_Latn  1.0423   37.5306  3.7890  1.1175       0.8585      0.6255       -0.5559          0.3075            1.0904
eng_Latn  1.0000   36.0080  3.4900  1.2724       1.0397      0.5747       -0.7007          0.1582            1.3231

# eng_Latn reference (cumulative_mono_0, t_2.8024, t_lower_bound): pps=36.0080	bpp=3.4900
