Language  Premium  PPS      BPP     EntropyTotal  EntropyMean  EntropyVar  EntropySkew  EntropyKurtosis  EntropyAutocorr1  EntropyVolatility
cmn_Hans  1.2032   43.2919  2.7166  199064.5451   1.6977       0.9376      0.0188       -0.6189          0.1144            1.2887
tam_Taml  1.1865   42.6941  9.3690  177501.7217   0.4451       0.4601      1.9074       2.9577           -0.1638           1.0348
arb_Arab  1.1748   42.2728  4.7591  176443.0349   0.8797       0.5008      0.9342       0.0407           -0.0613           1.0310
tha_Thai  1.1687   42.0532  8.2644  179927.0696   0.5193       0.6116      1.8363       2.5044           -0.0630           1.1403
srp_Cyrl  1.1460   41.2357  5.5078  169777.1824   0.7498       0.4929      1.3491       1.5876           0.0180            0.9839
fin_Latn  1.1315   40.7151  3.4283  177720.8264   1.2771       0.8716      0.4791       -0.5946          0.2399            1.1511
ita_Latn  1.1308   40.6881  3.6530  178323.9378   1.2034       0.9079      0.5715       -0.6592          0.2041            1.2021
deu_Latn  1.1266   40.5356  3.6853  181658.0617   1.2197       1.1094      0.7183       -0.4670          0.1435            1.3786
spa_Latn  1.1251   40.4824  3.7679  177479.4853   1.1670       0.9697      0.6544       -0.6474          0.1558            1.2796
amh_Ethi  1.1227   40.3962  5.4226  167806.3699   0.7684       0.5794      0.8424       -0.1115          0.0404            1.0545
ron_Latn  1.1032   39.6941  3.7624  175471.9259   1.1785       0.9862      0.6011       -0.7024          0.2076            1.2502
fra_Latn  1.0991   39.5476  3.9203  172760.8735   1.1177       0.9373      0.6412       -0.6562          0.2015            1.2234
jpn_Jpan  1.0982   39.5145  4.0625  172459.9185   1.0776       0.8604      0.8040       -0.0783          0.2178            1.1601
kat_Geor  1.0966   39.4584  9.4728  170964.7968   0.4588       0.6353      1.9131       2.6736           -0.1938           1.2316
vie_Latn  1.0921   39.2969  4.4621  173167.7656   0.9906       0.9049      0.8695       -0.3379          0.0820            1.2889
hrv_Latn  1.0915   39.2728  3.2468  174394.1596   1.3718       0.9873      0.4644       -0.7465          0.1913            1.2637
kor_Hang  1.0806   38.8816  3.8932  169455.1469   1.1228       0.7460      0.6376       -0.1882          0.2439            1.0621
nya_Latn  1.0077   36.2598  3.9218  158433.9004   1.1175       0.8585      0.6255       -0.5559          0.3075            1.0904
eng_Latn  1.0000   35.9819  3.4925  159421.2478   1.2724       1.0397      0.5747       -0.7007          0.1582            1.3231
heb_Hebr  0.9899   35.6179  4.9130  163950.3822   0.9397       1.0499      0.7163       -1.0760          -0.5683           1.8146

# eng_Latn reference (cumulative_nomono, t_3.4773, t_lower_bound): pps=35.9819	bpp=3.4925
