Language  Premium  PPS       BPP     EntropyMean  EntropyVar  EntropySkew  EntropyKurtosis  EntropyAutocorr1  EntropyVolatility
kat_Geor  4.4691   102.6780  3.6403  1.3694       1.9535      0.5694       -1.4568          -0.4103           2.3474
srp_Cyrl  4.2877   98.5105   2.3055  2.3646       1.5654      -0.0448      -1.7470          -0.6842           2.2962
amh_Ethi  3.1532   72.4443   3.0237  2.7971       0.7736      -0.4933      -0.8052          -0.1665           1.3434
tam_Taml  3.1469   72.2999   5.5325  1.0296       0.9266      0.7842       -0.8247          -0.4460           1.6370
tha_Thai  2.7449   63.0632   5.5111  0.9909       1.1738      1.1388       -0.2451          -0.3408           1.7742
heb_Hebr  2.3457   53.8927   3.2470  1.6378       1.5518      0.1202       -1.8717          -0.7842           2.3532
arb_Arab  1.9126   43.9418   4.5783  1.2928       0.4725      0.5239       -0.6872          -0.3667           1.1365
vie_Latn  1.7409   39.9960   4.3841  1.3760       0.8855      0.4377       -0.8109          -0.0099           1.3374
kor_Hang  1.7082   39.2457   3.8570  1.7424       0.7243      0.1995       -0.5579          0.0416            1.1782
ron_Latn  1.5840   36.3932   4.1036  1.8004       0.7836      -0.0710      -0.5917          0.1168            1.1765
jpn_Jpan  1.5427   35.4423   4.5293  1.2989       0.8976      0.6057       -0.4848          0.1327            1.2478
nya_Latn  1.4833   34.0792   4.1727  2.3123       0.5504      -0.6023      0.4802           0.1607            0.9612
hrv_Latn  1.4602   33.5486   3.8008  2.2131       0.5256      -0.3455      0.2096           0.0804            0.9832
ita_Latn  1.4458   33.2166   4.4747  1.5139       0.7974      0.2478       -0.6839          0.1650            1.1540
deu_Latn  1.4360   32.9910   4.5280  1.3996       1.0343      0.5344       -0.5527          0.1303            1.3413
cmn_Hans  1.4252   32.7432   3.5918  1.9290       0.8844      -0.1378      -0.4529          0.0927            1.2668
fra_Latn  1.4199   32.6219   4.7526  1.3478       0.8843      0.3596       -0.8204          0.1848            1.2007
fin_Latn  1.4095   32.3842   4.3102  1.8263       0.6869      -0.0217      -0.2302          0.1402            1.0868
spa_Latn  1.4071   32.3270   4.7185  1.3485       0.9081      0.4388       -0.7899          0.1339            1.2542
eng_Latn  1.0000   22.9749   5.4697  1.0874       1.0221      0.7462       -0.5605          0.1813            1.2937

# eng_Latn reference (cumulative_mono_rel0p5, t_3.5150, t_upper_bound): pps=22.9749	bpp=5.4697
