Language  Premium  PPS      BPP     EntropyTotal  EntropyMean  EntropyVar  EntropySkew  EntropyKurtosis  EntropyAutocorr1  EntropyVolatility
srp_Cyrl  3.7185   85.5587  2.6545  535434.5846   2.3646       1.5654      -0.0448      -1.7470          -0.6842           2.2962
kat_Geor  3.3455   76.9769  4.8557  510315.7132   1.3694       1.9535      0.5694       -1.4568          -0.4103           2.3474
amh_Ethi  3.1857   73.2999  2.9885  610874.8469   2.7971       0.7736      -0.4933      -0.8052          -0.1665           1.3434
tam_Taml  3.1254   71.9117  5.5624  410591.9961   1.0296       0.9266      0.7842       -0.8247          -0.4460           1.6370
tha_Thai  2.6607   61.2197  5.6770  343334.5682   0.9909       1.1738      1.1388       -0.2451          -0.3408           1.7742
nya_Latn  2.0843   47.9569  2.9652  327824.8178   2.3123       0.5504      -0.6023      0.4802           0.1607            0.9612
arb_Arab  1.9347   44.5145  4.5194  259299.5504   1.2928       0.4725      0.5239       -0.6872          -0.3667           1.1365
hrv_Latn  1.8455   42.4624  3.0030  281346.1459   2.2131       0.5256      -0.3455      0.2096           0.0804            0.9832
kor_Hang  1.8389   42.3119  3.5775  262965.7502   1.7424       0.7243      0.1995       -0.5579          0.0416            1.1782
heb_Hebr  1.8101   41.6479  4.2016  285743.7087   1.6378       1.5518      0.1202       -1.8717          -0.7842           2.3532
ron_Latn  1.8024   41.4724  3.6010  268075.2308   1.8004       0.7836      -0.0710      -0.5917          0.1168            1.1765
fin_Latn  1.7044   39.2156  3.5594  254162.9283   1.8263       0.6869      -0.0217      -0.2302          0.1402            1.0868
vie_Latn  1.6639   38.2849  4.5800  240549.1985   1.3760       0.8855      0.4377       -0.8109          -0.0099           1.3374
ita_Latn  1.5499   35.6620  4.1679  224338.2902   1.5139       0.7974      0.2478       -0.6839          0.1650            1.1540
jpn_Jpan  1.5148   34.8546  4.6057  207891.0854   1.2989       0.8976      0.6057       -0.4848          0.1327            1.2478
cmn_Hans  1.4812   34.0802  3.4509  226179.7999   1.9290       0.8844      -0.1378      -0.4529          0.0927            1.2668
deu_Latn  1.4766   33.9759  4.3968  208453.1885   1.3996       1.0343      0.5344       -0.5527          0.1303            1.3413
fra_Latn  1.4671   33.7573  4.5927  208336.9512   1.3478       0.8843      0.3596       -0.8204          0.1848            1.2007
spa_Latn  1.4490   33.3400  4.5752  205080.7490   1.3485       0.9081      0.4388       -0.7899          0.1339            1.2542
eng_Latn  1.0000   23.0090  5.4616  136244.2269   1.0874       1.0221      0.7462       -0.5605          0.1813            1.2937

# eng_Latn reference (cumulative_mono_0, t_4.2984, t_upper_bound): pps=23.0090	bpp=5.4616
