Language  Premium  PPS      BPP      EntropyMean  EntropyVar  EntropySkew  EntropyKurtosis  EntropyAutocorr1  EntropyVolatility
fin_Latn  1.1301   40.6600  3.4330   1.3268       0.8651      0.4866       -0.4678          0.2291            1.1549
ita_Latn  1.1296   40.6429  3.6571   1.2120       0.9134      0.5833       -0.5880          0.1949            1.2128
deu_Latn  1.1236   40.4243  3.6954   1.2393       1.1370      0.7150       -0.4278          0.1405            1.3981
spa_Latn  1.1225   40.3862  3.7769   1.1895       0.9914      0.6487       -0.6085          0.1446            1.3024
ron_Latn  1.0976   39.4905  3.7818   1.2409       0.9977      0.5927       -0.5779          0.1780            1.2807
tam_Taml  1.0951   39.3992  10.1525  1.1918       0.9361      0.6868       0.2401           0.2473            1.1871
fra_Latn  1.0942   39.3691  3.9381   1.1607       0.9743      0.6393       -0.5435          0.1971            1.2508
hrv_Latn  1.0878   39.1364  3.2582   1.4077       0.9962      0.4681       -0.6690          0.1761            1.2812
vie_Latn  1.0541   37.9258  4.6234   1.3111       1.3907      0.6317       -0.6709          0.0474            1.6277
arb_Arab  1.0493   37.7513  5.3291   1.5767       1.1068      0.1407       -1.2508          0.0870            1.4216
srp_Cyrl  1.0432   37.5326  6.0512   1.3402       1.0506      0.7289       -0.2397          0.0333            1.4253
kat_Geor  1.0403   37.4303  9.9860   1.2129       1.1177      0.7947       -0.1313          0.1738            1.3590
tha_Thai  1.0373   37.3220  9.3121   1.4677       1.6956      0.7029       -0.4418          -0.0297           1.8687
nya_Latn  1.0072   36.2367  3.9243   1.1198       0.8626      0.6366       -0.4950          0.3103            1.0908
eng_Latn  1.0000   35.9789  3.4928   1.2734       1.0413      0.5774       -0.6853          0.1583            1.3240
amh_Ethi  0.9663   34.7673  6.3006   1.9410       2.0845      0.3656       -1.0434          0.0782            1.9604
heb_Hebr  0.9589   34.5015  5.0719   1.6569       0.9973      -0.0086      -0.8208          0.2444            1.2276
cmn_Hans  0.8775   31.5717  3.7251   4.6026       4.1778      -0.0863      -1.0643          0.0988            2.7441
kor_Hang  0.8558   30.7894  4.9164   2.6347       3.8972      0.4576       -0.8674          -0.1165           2.9500
jpn_Jpan  0.8353   30.0542  5.3413   3.0734       3.8362      0.4558       -0.7002          0.0928            2.6382

# eng_Latn reference (cumulative_nomono, t_3.4773, t_lower_bound): pps=35.9789	bpp=3.4928
