Language  Premium  PPS      BPP      EntropyMean  EntropyVar  EntropySkew  EntropyKurtosis  EntropyAutocorr1  EntropyVolatility
deu_Latn  1.1931   42.9278  3.4799   1.2393       1.1370      0.7150       -0.4278          0.1405            1.3981
nya_Latn  1.1931   42.9268  3.3127   1.1198       0.8626      0.6366       -0.4950          0.3103            1.0908
vie_Latn  1.1717   42.1565  4.1594   1.3111       1.3907      0.6317       -0.6709          0.0474            1.6277
spa_Latn  1.1662   41.9609  3.6352   1.1895       0.9914      0.6487       -0.6085          0.1446            1.3024
kat_Geor  1.1566   41.6158  8.9817   1.2129       1.1177      0.7947       -0.1313          0.1738            1.3590
ita_Latn  1.1237   40.4313  3.6762   1.2120       0.9134      0.5833       -0.5880          0.1949            1.2128
fra_Latn  1.1220   40.3681  3.8406   1.1607       0.9743      0.6393       -0.5435          0.1971            1.2508
ron_Latn  1.1066   39.8144  3.7510   1.2409       0.9977      0.5927       -0.5779          0.1780            1.2807
tam_Taml  1.0968   39.4624  10.1363  1.1918       0.9361      0.6868       0.2401           0.2473            1.1871
fin_Latn  1.0426   37.5115  3.7211   1.3268       0.8651      0.4866       -0.4678          0.2291            1.1549
srp_Cyrl  1.0423   37.5035  6.0559   1.3402       1.0506      0.7289       -0.2397          0.0333            1.4253
hrv_Latn  1.0397   37.4082  3.4087   1.4077       0.9962      0.4681       -0.6690          0.1761            1.2812
tha_Thai  1.0384   37.3631  9.3018   1.4677       1.6956      0.7029       -0.4418          -0.0297           1.8687
eng_Latn  1.0000   35.9799  3.4927   1.2734       1.0413      0.5774       -0.6853          0.1583            1.3240
arb_Arab  0.9737   35.0321  5.7427   1.5767       1.1068      0.1407       -1.2508          0.0870            1.4216
amh_Ethi  0.7636   27.4754  7.9727   1.9410       2.0845      0.3656       -1.0434          0.0782            1.9604
heb_Hebr  0.7376   26.5396  6.5935   1.6569       0.9973      -0.0086      -0.8208          0.2444            1.2276
jpn_Jpan  0.6587   23.7011  6.7731   3.0734       3.8362      0.4558       -0.7002          0.0928            2.6382
kor_Hang  0.6103   21.9579  6.8938   2.6347       3.8972      0.4576       -0.8674          -0.1165           2.9500
cmn_Hans  0.5172   18.6078  6.3203   4.6026       4.1778      -0.0863      -1.0643          0.0988            2.7441

# eng_Latn reference (raw_monotonicity, t_0.5206, t_lower_bound): pps=35.9799	bpp=3.4927
