Language  Premium  PPS      BPP      EntropyMean  EntropyVar  EntropySkew  EntropyKurtosis  EntropyAutocorr1  EntropyVolatility
deu_Latn  1.1478   41.3591  3.6119   1.2393       1.1370      0.7150       -0.4278          0.1405            1.3981
spa_Latn  1.1458   41.2879  3.6944   1.1895       0.9914      0.6487       -0.6085          0.1446            1.3024
ita_Latn  1.1391   41.0461  3.6211   1.2120       0.9134      0.5833       -0.5880          0.1949            1.2128
vie_Latn  1.1384   41.0191  4.2747   1.3111       1.3907      0.6317       -0.6709          0.0474            1.6277
fra_Latn  1.1006   39.6580  3.9094   1.1607       0.9743      0.6393       -0.5435          0.1971            1.2508
nya_Latn  1.0942   39.4273  3.6067   1.1198       0.8626      0.6366       -0.4950          0.3103            1.0908
ron_Latn  1.0805   38.9348  3.8357   1.2409       0.9977      0.5927       -0.5779          0.1780            1.2807
fin_Latn  1.0751   38.7402  3.6031   1.3268       0.8651      0.4866       -0.4678          0.2291            1.1549
kat_Geor  1.0693   38.5306  9.7008   1.2129       1.1177      0.7947       -0.1313          0.1738            1.3590
hrv_Latn  1.0617   38.2548  3.3332   1.4077       0.9962      0.4681       -0.6690          0.1761            1.2812
tam_Taml  1.0531   37.9448  10.5416  1.1918       0.9361      0.6868       0.2401           0.2473            1.1871
srp_Cyrl  1.0386   37.4253  6.0685   1.3402       1.0506      0.7289       -0.2397          0.0333            1.4253
arb_Arab  1.0244   36.9117  5.4503   1.5767       1.1068      0.1407       -1.2508          0.0870            1.4216
tha_Thai  1.0195   36.7352  9.4608   1.4677       1.6956      0.7029       -0.4418          -0.0297           1.8687
eng_Latn  1.0000   36.0331  3.4875   1.2734       1.0413      0.5774       -0.6853          0.1583            1.3240
heb_Hebr  0.8360   30.1254  5.8087   1.6569       0.9973      -0.0086      -0.8208          0.2444            1.2276
amh_Ethi  0.8080   29.1153  7.5236   1.9410       2.0845      0.3656       -1.0434          0.0782            1.9604
jpn_Jpan  0.6730   24.2497  6.6198   3.0734       3.8362      0.4558       -0.7002          0.0928            2.6382
kor_Hang  0.6329   22.8054  6.6376   2.6347       3.8972      0.4576       -0.8674          -0.1165           2.9500
cmn_Hans  0.5524   19.9057  5.9082   4.6026       4.1778      -0.0863      -1.0643          0.0988            2.7441

# eng_Latn reference (cumulative_mono_rel0p5, t_2.3792, t_lower_bound): pps=36.0331	bpp=3.4875
