Language  Premium  PPS      BPP      EntropyTotal  EntropyMean  EntropyVar  EntropySkew  EntropyKurtosis  EntropyAutocorr1  EntropyVolatility
spa_Latn  1.1526   41.4905  3.6764   177450.7744   1.1895       0.9914      0.6487       -0.6085          0.1446            1.3024
deu_Latn  1.1490   41.3591  3.6119   181629.7160   1.2393       1.1370      0.7150       -0.4278          0.1405            1.3981
ita_Latn  1.1377   40.9539  3.6293   178274.0667   1.2120       0.9134      0.5833       -0.5880          0.1949            1.2128
fin_Latn  1.1226   40.4102  3.4542   177703.3899   1.3268       0.8651      0.4866       -0.4678          0.2291            1.1549
vie_Latn  1.1089   39.9147  4.3930   173054.9653   1.3111       1.3907      0.6317       -0.6709          0.0474            1.6277
fra_Latn  1.1017   39.6550  3.9097   172698.7485   1.1607       0.9743      0.6393       -0.5435          0.1971            1.2508
ron_Latn  1.0920   39.3079  3.7993   175018.6837   1.2409       0.9977      0.5927       -0.5779          0.1780            1.2807
hrv_Latn  1.0838   39.0140  3.2684   174368.8005   1.4077       0.9962      0.4681       -0.6690          0.1761            1.2812
kat_Geor  1.0726   38.6108  9.6807   167306.2614   1.2129       1.1177      0.7947       -0.1313          0.1738            1.3590
tam_Taml  1.0690   38.4794  10.3952  174162.1339   1.1918       0.9361      0.6868       0.2401           0.2473            1.1871
nya_Latn  1.0411   37.4744  3.7947   158403.4463   1.1198       0.8626      0.6366       -0.4950          0.3103            1.0908
srp_Cyrl  1.0374   37.3440  6.0817   166855.8479   1.3402       1.0506      0.7289       -0.2397          0.0333            1.4253
arb_Arab  1.0234   36.8385  5.4611   174345.3552   1.5767       1.1068      0.1407       -1.2508          0.0870            1.4216
tha_Thai  1.0065   36.2287  9.5931   176520.9315   1.4677       1.6956      0.7029       -0.4418          -0.0297           1.8687
eng_Latn  1.0000   35.9960  3.4911   159418.4792   1.2734       1.0413      0.5774       -0.6853          0.1583            1.3240
heb_Hebr  0.9013   32.4433  5.3937   161547.3822   1.6569       0.9973      -0.0086      -0.8208          0.2444            1.2276
amh_Ethi  0.8610   30.9940  7.0676   165229.7682   1.9410       2.0845      0.3656       -1.0434          0.0782            1.9604
jpn_Jpan  0.7020   25.2708  6.3524   167987.7937   3.0734       3.8362      0.4558       -0.7002          0.0928            2.6382
kor_Hang  0.6580   23.6851  6.3910   166013.7689   2.6347       3.8972      0.4576       -0.8674          -0.1165           2.9500
cmn_Hans  0.5893   21.2116  5.5444   194132.1376   4.6026       4.1778      -0.0863      -1.0643          0.0988            2.7441

# eng_Latn reference (cumulative_mono_0, t_2.8024, t_lower_bound): pps=35.9960	bpp=3.4911
