Language  Premium  PPS      BPP      EntropyMean  EntropyVar  EntropySkew  EntropyKurtosis  EntropyAutocorr1  EntropyVolatility
arb_Arab  1.3938   50.1464  4.0118   1.5767       1.1068      0.1407       -1.2508          0.0870            1.4216
heb_Hebr  1.3598   48.9208  3.5770   1.6569       0.9973      -0.0086      -0.8208          0.2444            1.2276
tha_Thai  1.2412   44.6530  7.7832   1.4677       1.6956      0.7029       -0.4418          -0.0297           1.8687
vie_Latn  1.2210   43.9268  3.9918   1.3111       1.3907      0.6317       -0.6709          0.0474            1.6277
amh_Ethi  1.1782   42.3892  5.1677   1.9410       2.0845      0.3656       -1.0434          0.0782            1.9604
tam_Taml  1.1592   41.7061  9.5909   1.1918       0.9361      0.6868       0.2401           0.2473            1.1871
deu_Latn  1.1169   40.1836  3.7175   1.2393       1.1370      0.7150       -0.4278          0.1405            1.3981
hrv_Latn  1.1040   39.7202  3.2103   1.4077       0.9962      0.4681       -0.6690          0.1761            1.2812
fin_Latn  1.0990   39.5376  3.5304   1.3268       0.8651      0.4866       -0.4678          0.2291            1.1549
ron_Latn  1.0921   39.2889  3.8012   1.2409       0.9977      0.5927       -0.5779          0.1780            1.2807
cmn_Hans  1.0823   38.9378  3.0204   4.6026       4.1778      -0.0863      -1.0643          0.0988            2.7441
spa_Latn  1.0713   38.5416  3.9577   1.1895       0.9914      0.6487       -0.6085          0.1446            1.3024
fra_Latn  1.0604   38.1484  4.0641   1.1607       0.9743      0.6393       -0.5435          0.1971            1.2508
jpn_Jpan  1.0571   38.0311  4.2210   3.0734       3.8362      0.4558       -0.7002          0.0928            2.6382
ita_Latn  1.0483   37.7151  3.9410   1.2120       0.9134      0.5833       -0.5880          0.1949            1.2128
srp_Cyrl  1.0423   37.4975  6.0568   1.3402       1.0506      0.7289       -0.2397          0.0333            1.4253
kor_Hang  1.0383   37.3561  4.0521   2.6347       3.8972      0.4576       -0.8674          -0.1165           2.9500
kat_Geor  1.0357   37.2608  10.0314  1.2129       1.1177      0.7947       -0.1313          0.1738            1.3590
nya_Latn  1.0159   36.5496  3.8907   1.1198       0.8626      0.6366       -0.4950          0.3103            1.0908
eng_Latn  1.0000   35.9769  3.4930   1.2734       1.0413      0.5774       -0.6853          0.1583            1.3240

# eng_Latn reference (raw_entropy, t_1.8320, t_lower_bound): pps=35.9769	bpp=3.4930
