Language  Premium  PPS      BPP      EntropyTotal  EntropyMean  EntropyVar  EntropySkew  EntropyKurtosis  EntropyAutocorr1  EntropyVolatility
deu_Latn  1.1522   26.4985  5.6375   181629.7160   1.2393       1.1370      0.7150       -0.4278          0.1405            1.3981
ita_Latn  1.1321   26.0371  5.7085   178274.0667   1.2120       0.9134      0.5833       -0.5880          0.1949            1.2128
spa_Latn  1.1229   25.8255  5.9064   177450.7744   1.1895       0.9914      0.6487       -0.6085          0.1446            1.3024
fin_Latn  1.1145   25.6309  5.4459   177703.3899   1.3268       0.8651      0.4866       -0.4678          0.2291            1.1549
vie_Latn  1.1081   25.4835  6.8807   173054.9653   1.3111       1.3907      0.6317       -0.6709          0.0474            1.6277
tam_Taml  1.1003   25.3049  15.8072  174162.1339   1.1918       0.9361      0.6868       0.2401           0.2473            1.1871
ron_Latn  1.0973   25.2357  5.9180   175018.6837   1.2409       0.9977      0.5927       -0.5779          0.1780            1.2807
fra_Latn  1.0941   25.1615  6.1617   172698.7485   1.1607       0.9743      0.6393       -0.5435          0.1971            1.2508
hrv_Latn  1.0768   24.7653  5.1488   174368.8005   1.4077       0.9962      0.4681       -0.6690          0.1761            1.2812
tha_Thai  1.0713   24.6369  14.1067  176520.9315   1.4677       1.6956      0.7029       -0.4418          -0.0297           1.8687
kat_Geor  1.0586   24.3450  15.3534  167306.2614   1.2129       1.1177      0.7947       -0.1313          0.1738            1.3590
arb_Arab  1.0567   24.3009  8.2787   174345.3552   1.5767       1.1068      0.1407       -1.2508          0.0870            1.4216
nya_Latn  1.0509   24.1695  5.8836   158403.4463   1.1198       0.8626      0.6366       -0.4950          0.3103            1.0908
srp_Cyrl  1.0422   23.9679  9.4759   166855.8479   1.3402       1.0506      0.7289       -0.2397          0.0333            1.4253
eng_Latn  1.0000   22.9980  5.4643   159418.4792   1.2734       1.0413      0.5774       -0.6853          0.1583            1.3240
heb_Hebr  0.9672   22.2437  7.8669   161547.3822   1.6569       0.9973      -0.0086      -0.8208          0.2444            1.2276
amh_Ethi  0.9074   20.8686  10.4968  165229.7682   1.9410       2.0845      0.3656       -1.0434          0.0782            1.9604
jpn_Jpan  0.8807   20.2548  7.9255   167987.7937   3.0734       3.8362      0.4558       -0.7002          0.0928            2.6382
kor_Hang  0.8547   19.6560  7.7011   166013.7689   2.6347       3.8972      0.4576       -0.8674          -0.1165           2.9500
cmn_Hans  0.8484   19.5105  6.0279   194132.1376   4.6026       4.1778      -0.0863      -1.0643          0.0988            2.7441

# eng_Latn reference (cumulative_mono_0, t_5.0787, t_upper_bound): pps=22.9980	bpp=5.4643
