Language  Premium  PPS      BPP      EntropyTotal  EntropyMean  EntropyVar  EntropySkew  EntropyKurtosis  EntropyAutocorr1  EntropyVolatility
deu_Latn  1.1346   26.0672  5.7307   181629.7160   1.2393       1.1370      0.7150       -0.4278          0.1405            1.3981
ita_Latn  1.1287   25.9298  5.7322   178274.0667   1.2120       0.9134      0.5833       -0.5880          0.1949            1.2128
fin_Latn  1.1260   25.8676  5.3961   177703.3899   1.3268       0.8651      0.4866       -0.4678          0.2291            1.1549
spa_Latn  1.1178   25.6810  5.9396   177450.7744   1.1895       0.9914      0.6487       -0.6085          0.1446            1.3024
ron_Latn  1.1026   25.3310  5.8957   175018.6837   1.2409       0.9977      0.5927       -0.5779          0.1780            1.2807
tam_Taml  1.1005   25.2828  15.8210  174162.1339   1.1918       0.9361      0.6868       0.2401           0.2473            1.1871
hrv_Latn  1.0931   25.1133  5.0775   174368.8005   1.4077       0.9962      0.4681       -0.6690          0.1761            1.2812
fra_Latn  1.0900   25.0421  6.1911   172698.7485   1.1607       0.9743      0.6393       -0.5435          0.1971            1.2508
arb_Arab  1.0837   24.8967  8.0806   174345.3552   1.5767       1.1068      0.1407       -1.2508          0.0870            1.4216
tha_Thai  1.0743   24.6800  14.0820  176520.9315   1.4677       1.6956      0.7029       -0.4418          -0.0297           1.8687
vie_Latn  1.0712   24.6088  7.1253   173054.9653   1.3111       1.3907      0.6317       -0.6709          0.0474            1.6277
kat_Geor  1.0484   24.0853  15.5190  167306.2614   1.2129       1.1177      0.7947       -0.1313          0.1738            1.3590
srp_Cyrl  1.0449   24.0050  9.4612   166855.8479   1.3402       1.0506      0.7289       -0.2397          0.0333            1.4253
nya_Latn  1.0132   23.2778  6.1090   158403.4463   1.1198       0.8626      0.6366       -0.4950          0.3103            1.0908
heb_Hebr  1.0003   22.9809  7.6145   161547.3822   1.6569       0.9973      -0.0086      -0.8208          0.2444            1.2276
eng_Latn  1.0000   22.9739  5.4700   159418.4792   1.2734       1.0413      0.5774       -0.6853          0.1583            1.3240
cmn_Hans  0.9890   22.7212  5.1761   194132.1376   4.6026       4.1778      -0.0863      -1.0643          0.0988            2.7441
amh_Ethi  0.9770   22.4463  9.7590   165229.7682   1.9410       2.0845      0.3656       -1.0434          0.0782            1.9604
kor_Hang  0.9160   21.0451  7.1927   166013.7689   2.6347       3.8972      0.4576       -0.8674          -0.1165           2.9500
jpn_Jpan  0.9089   20.8816  7.6876   167987.7937   3.0734       3.8362      0.4558       -0.7002          0.0928            2.6382

# eng_Latn reference (cumulative_nomono, t_6.0395, t_upper_bound): pps=22.9739	bpp=5.4700
