Language  Premium  PPS      BPP      EntropyMean  EntropyVar  EntropySkew  EntropyKurtosis  EntropyAutocorr1  EntropyVolatility
vie_Latn  1.3670   31.4393  5.5773   1.3111       1.3907      0.6317       -0.6709          0.0474            1.6277
tha_Thai  1.2801   29.4403  11.8051  1.4677       1.6956      0.7029       -0.4418          -0.0297           1.8687
deu_Latn  1.1530   26.5176  5.6334   1.2393       1.1370      0.7150       -0.4278          0.1405            1.3981
spa_Latn  1.1050   25.4122  6.0024   1.1895       0.9914      0.6487       -0.6085          0.1446            1.3024
arb_Arab  1.0743   24.7071  8.1426   1.5767       1.1068      0.1407       -1.2508          0.0870            1.4216
fra_Latn  1.0684   24.5717  6.3096   1.1607       0.9743      0.6393       -0.5435          0.1971            1.2508
kat_Geor  1.0639   24.4684  15.2760  1.2129       1.1177      0.7947       -0.1313          0.1738            1.3590
tam_Taml  1.0305   23.7001  16.8776  1.1918       0.9361      0.6868       0.2401           0.2473            1.1871
ron_Latn  1.0298   23.6830  6.3059   1.2409       0.9977      0.5927       -0.5779          0.1780            1.2807
srp_Cyrl  1.0280   23.6409  9.6069   1.3402       1.0506      0.7289       -0.2397          0.0333            1.4253
ita_Latn  1.0052   23.1184  6.4293   1.2120       0.9134      0.5833       -0.5880          0.1949            1.2128
eng_Latn  1.0000   22.9980  5.4643   1.2734       1.0413      0.5774       -0.6853          0.1583            1.3240
hrv_Latn  0.9461   21.7583  5.8604   1.4077       0.9962      0.4681       -0.6690          0.1761            1.2812
amh_Ethi  0.9173   21.0953  10.3840  1.9410       2.0845      0.3656       -1.0434          0.0782            1.9604
fin_Latn  0.8707   20.0241  6.9708   1.3268       0.8651      0.4866       -0.4678          0.2291            1.1549
nya_Latn  0.8494   19.5346  7.2796   1.1198       0.8626      0.6366       -0.4950          0.3103            1.0908
jpn_Jpan  0.8089   18.6028  8.6293   3.0734       3.8362      0.4558       -0.7002          0.0928            2.6382
kor_Hang  0.7861   18.0782  8.3732   2.6347       3.8972      0.4576       -0.8674          -0.1165           2.9500
heb_Hebr  0.7837   18.0241  9.7086   1.6569       0.9973      -0.0086      -0.8208          0.2444            1.2276
cmn_Hans  0.6480   14.9027  7.8916   4.6026       4.1778      -0.0863      -1.0643          0.0988            2.7441

# eng_Latn reference (raw_monotonicity, t_1.2639, t_upper_bound): pps=22.9980	bpp=5.4643
