Language  Premium  PPS      BPP      EntropyMean  EntropyVar  EntropySkew  EntropyKurtosis  EntropyAutocorr1  EntropyVolatility
cmn_Hans  1.5432   35.4905  3.3138   4.6026       4.1778      -0.0863      -1.0643          0.0988            2.7441
amh_Ethi  1.4958   34.4012  6.3676   1.9410       2.0845      0.3656       -1.0434          0.0782            1.9604
vie_Latn  1.4724   33.8626  5.1781   1.3111       1.3907      0.6317       -0.6709          0.0474            1.6277
heb_Hebr  1.4233   32.7342  5.3458   1.6569       0.9973      -0.0086      -0.8208          0.2444            1.2276
arb_Arab  1.4176   32.6018  6.1708   1.5767       1.1068      0.1407       -1.2508          0.0870            1.4216
jpn_Jpan  1.3998   32.1936  4.9864   3.0734       3.8362      0.4558       -0.7002          0.0928            2.6382
kor_Hang  1.3874   31.9077  4.7441   2.6347       3.8972      0.4576       -0.8674          -0.1165           2.9500
tha_Thai  1.3288   30.5597  11.3727  1.4677       1.6956      0.7029       -0.4418          -0.0297           1.8687
spa_Latn  1.1135   25.6078  5.9566   1.1895       0.9914      0.6487       -0.6085          0.1446            1.3024
deu_Latn  1.1098   25.5236  5.8528   1.2393       1.1370      0.7150       -0.4278          0.1405            1.3981
tam_Taml  1.0741   24.7031  16.1923  1.1918       0.9361      0.6868       0.2401           0.2473            1.1871
hrv_Latn  1.0734   24.6851  5.1656   1.4077       0.9962      0.4681       -0.6690          0.1761            1.2812
kat_Geor  1.0639   24.4674  15.2766  1.2129       1.1177      0.7947       -0.1313          0.1738            1.3590
ron_Latn  1.0587   24.3490  6.1335   1.2409       0.9977      0.5927       -0.5779          0.1780            1.2807
fra_Latn  1.0324   23.7422  6.5301   1.1607       0.9743      0.6393       -0.5435          0.1971            1.2508
ita_Latn  1.0296   23.6780  6.2773   1.2120       0.9134      0.5833       -0.5880          0.1949            1.2128
srp_Cyrl  1.0139   23.3180  9.7400   1.3402       1.0506      0.7289       -0.2397          0.0333            1.4253
eng_Latn  1.0000   22.9980  5.4643   1.2734       1.0413      0.5774       -0.6853          0.1583            1.3240
fin_Latn  0.8598   19.7733  7.0592   1.3268       0.8651      0.4866       -0.4678          0.2291            1.1549
nya_Latn  0.7656   17.6068  8.0766   1.1198       0.8626      0.6366       -0.4950          0.3103            1.0908

# eng_Latn reference (raw_entropy, t_2.4014, t_upper_bound): pps=22.9980	bpp=5.4643
