Language  Premium  PPS      BPP     EntropyTotal  EntropyMean  EntropyVar  EntropySkew  EntropyKurtosis  EntropyAutocorr1  EntropyVolatility
tam_Taml  1.4378   47.1494  8.4837  177501.7217   0.4451       0.4601      1.9074       2.9577           -0.1638           1.0348
tha_Thai  1.3897   45.5717  7.6263  179927.0696   0.5193       0.6116      1.8363       2.5044           -0.0630           1.1403
amh_Ethi  1.3371   43.8495  4.9956  167806.3699   0.7684       0.5794      0.8424       -0.1115          0.0404            1.0545
arb_Arab  1.3243   43.4283  4.6325  176443.0349   0.8797       0.5008      0.9342       0.0407           -0.0613           1.0310
kat_Geor  1.3210   43.3200  8.6283  170964.7968   0.4588       0.6353      1.9131       2.6736           -0.1938           1.2316
srp_Cyrl  1.2814   42.0231  5.4046  169777.1824   0.7498       0.4929      1.3491       1.5876           0.0180            0.9839
heb_Hebr  1.2741   41.7834  4.1880  163950.3822   0.9397       1.0499      0.7163       -1.0760          -0.5683           1.8146
cmn_Hans  1.2354   40.5115  2.9030  199064.5451   1.6977       0.9376      0.0188       -0.6189          0.1144            1.2887
jpn_Jpan  1.1845   38.8435  4.1327  172459.9185   1.0776       0.8604      0.8040       -0.0783          0.2178            1.1601
deu_Latn  1.1686   38.3220  3.8981  181658.0617   1.2197       1.1094      0.7183       -0.4670          0.1435            1.3786
vie_Latn  1.1664   38.2518  4.5840  173167.7656   0.9906       0.9049      0.8695       -0.3379          0.0820            1.2889
kor_Hang  1.1593   38.0171  3.9817  169455.1469   1.1228       0.7460      0.6376       -0.1882          0.2439            1.0621
spa_Latn  1.1534   37.8255  4.0326  177479.4853   1.1670       0.9697      0.6544       -0.6474          0.1558            1.2796
ita_Latn  1.1360   37.2528  3.9899  178323.9378   1.2034       0.9079      0.5715       -0.6592          0.2041            1.2021
fra_Latn  1.1153   36.5747  4.2389  172760.8735   1.1177       0.9373      0.6412       -0.6562          0.2015            1.2234
ron_Latn  1.1104   36.4132  4.1014  175471.9259   1.1785       0.9862      0.6011       -0.7024          0.2076            1.2502
fin_Latn  1.0967   35.9629  3.8813  177720.8264   1.2771       0.8716      0.4791       -0.5946          0.2399            1.1511
hrv_Latn  1.0873   35.6570  3.5761  174394.1596   1.3718       0.9873      0.4644       -0.7465          0.1913            1.2637
nya_Latn  1.0624   34.8395  4.0817  158433.9004   1.1175       0.8585      0.6255       -0.5559          0.3075            1.0904
eng_Latn  1.0000   32.7934  3.8321  159421.2478   1.2724       1.0397      0.5747       -0.7007          0.1582            1.3231

# eng_Latn reference (cumulative_mono_rel0p5, t_2.7338, t_anchor): pps=32.7934	bpp=3.8321
