Language  Premium  PPS      BPP     EntropyTotal  EntropyMean  EntropyVar  EntropySkew  EntropyKurtosis  EntropyAutocorr1  EntropyVolatility
tam_Taml  1.3476   44.1825  9.0534  177501.7217   0.4451       0.4601      1.9074       2.9577           -0.1638           1.0348
tha_Thai  1.3197   43.2678  8.0324  179927.0696   0.5193       0.6116      1.8363       2.5044           -0.0630           1.1403
arb_Arab  1.2638   41.4343  4.8554  176443.0349   0.8797       0.5008      0.9342       0.0407           -0.0613           1.0310
amh_Ethi  1.2515   41.0301  5.3388  167806.3699   0.7684       0.5794      0.8424       -0.1115          0.0404            1.0545
srp_Cyrl  1.2386   40.6068  5.5931  169777.1824   0.7498       0.4929      1.3491       1.5876           0.0180            0.9839
kat_Geor  1.2309   40.3551  9.2623  170964.7968   0.4588       0.6353      1.9131       2.6736           -0.1938           1.2316
cmn_Hans  1.2038   39.4664  2.9799  199064.5451   1.6977       0.9376      0.0188       -0.6189          0.1144            1.2887
deu_Latn  1.1589   37.9960  3.9316  181658.0617   1.2197       1.1094      0.7183       -0.4670          0.1435            1.3786
spa_Latn  1.1424   37.4544  4.0726  177479.4853   1.1670       0.9697      0.6544       -0.6474          0.1558            1.2796
jpn_Jpan  1.1381   37.3119  4.3024  172459.9185   1.0776       0.8604      0.8040       -0.0783          0.2178            1.1601
ita_Latn  1.1281   36.9840  4.0189  178323.9378   1.2034       0.9079      0.5715       -0.6592          0.2041            1.2021
vie_Latn  1.1279   36.9789  4.7418  173167.7656   0.9906       0.9049      0.8695       -0.3379          0.0820            1.2889
fin_Latn  1.1250   36.8826  3.7845  177720.8264   1.2771       0.8716      0.4791       -0.5946          0.2399            1.1511
kor_Hang  1.1247   36.8746  4.1050  169455.1469   1.1228       0.7460      0.6376       -0.1882          0.2439            1.0621
ron_Latn  1.1051   36.2297  4.1221  175471.9259   1.1785       0.9862      0.6011       -0.7024          0.2076            1.2502
fra_Latn  1.1019   36.1274  4.2914  172760.8735   1.1177       0.9373      0.6412       -0.6562          0.2015            1.2234
heb_Hebr  1.0910   35.7693  4.8922  163950.3822   0.9397       1.0499      0.7163       -1.0760          -0.5683           1.8146
hrv_Latn  1.0902   35.7422  3.5676  174394.1596   1.3718       0.9873      0.4644       -0.7465          0.1913            1.2637
nya_Latn  1.0357   33.9569  4.1878  158433.9004   1.1175       0.8585      0.6255       -0.5559          0.3075            1.0904
eng_Latn  1.0000   32.7854  3.8330  159421.2478   1.2724       1.0397      0.5747       -0.7007          0.1582            1.3231

# eng_Latn reference (cumulative_mono_0, t_3.2028, t_anchor): pps=32.7854	bpp=3.8330
