Language  Premium  PPS      BPP      EntropyMean  EntropyVar  EntropySkew  EntropyKurtosis  EntropyAutocorr1  EntropyVolatility
cmn_Hans  1.1906   39.0311  3.0132   1.6977       0.9376      0.0188       -0.6189          0.1144            1.2887
tam_Taml  1.1761   38.5537  10.3752  0.4451       0.4601      1.9074       2.9577           -0.1638           1.0348
tha_Thai  1.1689   38.3190  9.0698   0.5193       0.6116      1.8363       2.5044           -0.0630           1.1403
arb_Arab  1.1652   38.1976  5.2668   0.8797       0.5008      0.9342       0.0407           -0.0613           1.0310
srp_Cyrl  1.1347   37.1996  6.1053   0.7498       0.4929      1.3491       1.5876           0.0180            0.9839
deu_Latn  1.1302   37.0502  4.0319   1.2197       1.1094      0.7183       -0.4670          0.1435            1.3786
ita_Latn  1.1272   36.9509  4.0225   1.2034       0.9079      0.5715       -0.6592          0.2041            1.2021
spa_Latn  1.1260   36.9137  4.1322   1.1670       0.9697      0.6544       -0.6474          0.1558            1.2796
fin_Latn  1.1230   36.8144  3.7915   1.2771       0.8716      0.4791       -0.5946          0.2399            1.1511
ron_Latn  1.1064   36.2688  4.1177   1.1785       0.9862      0.6011       -0.7024          0.2076            1.2502
amh_Ethi  1.1060   36.2578  6.0416   0.7684       0.5794      0.8424       -0.1115          0.0404            1.0545
fra_Latn  1.0963   35.9378  4.3141   1.1177       0.9373      0.6412       -0.6562          0.2015            1.2234
vie_Latn  1.0927   35.8225  4.8948   0.9906       0.9049      0.8695       -0.3379          0.0820            1.2889
jpn_Jpan  1.0913   35.7763  4.4870   1.0776       0.8604      0.8040       -0.0783          0.2178            1.1601
kor_Hang  1.0900   35.7322  4.2363   1.1228       0.7460      0.6376       -0.1882          0.2439            1.0621
hrv_Latn  1.0892   35.7071  3.5711   1.3718       0.9873      0.4644       -0.7465          0.1913            1.2637
kat_Geor  1.0884   35.6790  10.4762  0.4588       0.6353      1.9131       2.6736           -0.1938           1.2316
heb_Hebr  1.0092   33.0853  5.2890   0.9397       1.0499      0.7163       -1.0760          -0.5683           1.8146
nya_Latn  1.0092   33.0843  4.2982   1.1175       0.8585      0.6255       -0.5559          0.3075            1.0904
eng_Latn  1.0000   32.7823  3.8334   1.2724       1.0397      0.5747       -0.7007          0.1582            1.3231

# eng_Latn reference (cumulative_nomono, t_3.9348, t_anchor): pps=32.7823	bpp=3.8334
