Language  Premium  PPS      BPP      EntropyMean  EntropyVar  EntropySkew  EntropyKurtosis  EntropyAutocorr1  EntropyVolatility
vie_Latn  1.1985   39.2477  4.4676   1.3111       1.3907      0.6317       -0.6709          0.0474            1.6277
deu_Latn  1.1906   38.9870  3.8316   1.2393       1.1370      0.7150       -0.4278          0.1405            1.3981
nya_Latn  1.1467   37.5496  3.7871   1.1198       0.8626      0.6366       -0.4950          0.3103            1.0908
spa_Latn  1.1460   37.5276  4.0646   1.1895       0.9914      0.6487       -0.6085          0.1446            1.3024
kat_Geor  1.1445   37.4794  9.9729   1.2129       1.1177      0.7947       -0.1313          0.1738            1.3590
fra_Latn  1.1054   36.1976  4.2831   1.1607       0.9743      0.6393       -0.5435          0.1971            1.2508
ron_Latn  1.0896   35.6800  4.1856   1.2409       0.9977      0.5927       -0.5779          0.1780            1.2807
ita_Latn  1.0891   35.6640  4.1676   1.2120       0.9134      0.5833       -0.5880          0.1949            1.2128
tha_Thai  1.0807   35.3902  9.8204   1.4677       1.6956      0.7029       -0.4418          -0.0297           1.8687
tam_Taml  1.0739   35.1655  11.3748  1.1918       0.9361      0.6868       0.2401           0.2473            1.1871
hrv_Latn  1.0295   33.7131  3.7823   1.4077       0.9962      0.4681       -0.6690          0.1761            1.2812
srp_Cyrl  1.0291   33.6981  6.7397   1.3402       1.0506      0.7289       -0.2397          0.0333            1.4253
fin_Latn  1.0068   32.9699  4.2337   1.3268       0.8651      0.4866       -0.4678          0.2291            1.1549
eng_Latn  1.0000   32.7462  3.8376   1.2734       1.0413      0.5774       -0.6853          0.1583            1.3240
arb_Arab  0.9878   32.3460  6.2196   1.5767       1.1068      0.1407       -1.2508          0.0870            1.4216
amh_Ethi  0.7854   25.7202  8.5168   1.9410       2.0845      0.3656       -1.0434          0.0782            1.9604
heb_Hebr  0.7359   24.0963  7.2621   1.6569       0.9973      -0.0086      -0.8208          0.2444            1.2276
jpn_Jpan  0.6901   22.5988  7.1035   3.0734       3.8362      0.4558       -0.7002          0.0928            2.6382
kor_Hang  0.6430   21.0562  7.1890   2.6347       3.8972      0.4576       -0.8674          -0.1165           2.9500
cmn_Hans  0.5445   17.8315  6.5955   4.6026       4.1778      -0.0863      -1.0643          0.0988            2.7441

# eng_Latn reference (raw_monotonicity, t_0.6646, t_anchor): pps=32.7462	bpp=3.8376
