Language  Premium  PPS      BPP      EntropyMean  EntropyVar  EntropySkew  EntropyKurtosis  EntropyAutocorr1  EntropyVolatility
arb_Arab  1.4474   47.4273  4.2419   1.5767       1.1068      0.1407       -1.2508          0.0870            1.4216
heb_Hebr  1.4153   46.3761  3.7733   1.6569       0.9973      -0.0086      -0.8208          0.2444            1.2276
vie_Latn  1.2799   41.9388  4.1810   1.3111       1.3907      0.6317       -0.6709          0.0474            1.6277
tha_Thai  1.2730   41.7141  8.3316   1.4677       1.6956      0.7029       -0.4418          -0.0297           1.8687
amh_Ethi  1.2430   40.7312  5.3780   1.9410       2.0845      0.3656       -1.0434          0.0782            1.9604
tam_Taml  1.1754   38.5135  10.3860  1.1918       0.9361      0.6868       0.2401           0.2473            1.1871
cmn_Hans  1.1718   38.3952  3.0631   4.6026       4.1778      -0.0863      -1.0643          0.0988            2.7441
jpn_Jpan  1.1241   36.8345  4.3581   3.0734       3.8362      0.4558       -0.7002          0.0928            2.6382
deu_Latn  1.1163   36.5767  4.0841   1.2393       1.1370      0.7150       -0.4278          0.1405            1.3981
kor_Hang  1.1056   36.2267  4.1785   2.6347       3.8972      0.4576       -0.8674          -0.1165           2.9500
hrv_Latn  1.0982   35.9860  3.5434   1.4077       0.9962      0.4681       -0.6690          0.1761            1.2812
spa_Latn  1.0786   35.3440  4.3157   1.1895       0.9914      0.6487       -0.6085          0.1446            1.3024
ron_Latn  1.0777   35.3139  4.2290   1.2409       0.9977      0.5927       -0.5779          0.1780            1.2807
ita_Latn  1.0488   34.3651  4.3251   1.2120       0.9134      0.5833       -0.5880          0.1949            1.2128
srp_Cyrl  1.0471   34.3119  6.6192   1.3402       1.0506      0.7289       -0.2397          0.0333            1.4253
kat_Geor  1.0470   34.3079  10.8948  1.2129       1.1177      0.7947       -0.1313          0.1738            1.3590
fra_Latn  1.0461   34.2778  4.5230   1.1607       0.9743      0.6393       -0.5435          0.1971            1.2508
fin_Latn  1.0277   33.6760  4.1449   1.3268       0.8651      0.4866       -0.4678          0.2291            1.1549
nya_Latn  1.0052   32.9368  4.3175   1.1198       0.8626      0.6366       -0.4950          0.3103            1.0908
eng_Latn  1.0000   32.7673  3.8351   1.2734       1.0413      0.5774       -0.6853          0.1583            1.3240

# eng_Latn reference (raw_entropy, t_1.9448, t_anchor): pps=32.7673	bpp=3.8351
