Language  Premium  PPS      BPP      EntropyMean  EntropyVar  EntropySkew  EntropyKurtosis  EntropyAutocorr1  EntropyVolatility
deu_Latn  1.1271   36.9428  4.0437   1.2393       1.1370      0.7150       -0.4278          0.1405            1.3981
ita_Latn  1.1260   36.9077  4.0272   1.2120       0.9134      0.5833       -0.5880          0.1949            1.2128
spa_Latn  1.1234   36.8215  4.1426   1.1895       0.9914      0.6487       -0.6085          0.1446            1.3024
fin_Latn  1.1215   36.7613  3.7970   1.3268       0.8651      0.4866       -0.4678          0.2291            1.1549
ron_Latn  1.1004   36.0682  4.1406   1.2409       0.9977      0.5927       -0.5779          0.1780            1.2807
tam_Taml  1.0965   35.9408  11.1294  1.1918       0.9361      0.6868       0.2401           0.2473            1.1871
fra_Latn  1.0915   35.7753  4.3337   1.1607       0.9743      0.6393       -0.5435          0.1971            1.2508
hrv_Latn  1.0863   35.6058  3.5812   1.4077       0.9962      0.4681       -0.6690          0.1761            1.2812
vie_Latn  1.0541   34.5496  5.0752   1.3111       1.3907      0.6317       -0.6709          0.0474            1.6277
tha_Thai  1.0521   34.4845  10.0783  1.4677       1.6956      0.7029       -0.4418          -0.0297           1.8687
arb_Arab  1.0482   34.3581  5.8554   1.5767       1.1068      0.1407       -1.2508          0.0870            1.4216
srp_Cyrl  1.0445   34.2357  6.6339   1.3402       1.0506      0.7289       -0.2397          0.0333            1.4253
kat_Geor  1.0385   34.0391  10.9809  1.2129       1.1177      0.7947       -0.1313          0.1738            1.3590
nya_Latn  1.0086   33.0592  4.3015   1.1198       0.8626      0.6366       -0.4950          0.3103            1.0908
eng_Latn  1.0000   32.7773  3.8340   1.2734       1.0413      0.5774       -0.6853          0.1583            1.3240
heb_Hebr  0.9806   32.1404  5.4445   1.6569       0.9973      -0.0086      -0.8208          0.2444            1.2276
amh_Ethi  0.9495   31.1214  7.0387   1.9410       2.0845      0.3656       -1.0434          0.0782            1.9604
cmn_Hans  0.9150   29.9900  3.9215   4.6026       4.1778      -0.0863      -1.0643          0.0988            2.7441
kor_Hang  0.8689   28.4804  5.3149   2.6347       3.8972      0.4576       -0.8674          -0.1165           2.9500
jpn_Jpan  0.8494   27.8415  5.7658   3.0734       3.8362      0.4558       -0.7002          0.0928            2.6382

# eng_Latn reference (cumulative_nomono, t_3.9348, t_anchor): pps=32.7773	bpp=3.8340
