Language  Premium  PPS      BPP      EntropyMean  EntropyVar  EntropySkew  EntropyKurtosis  EntropyAutocorr1  EntropyVolatility
ita_Latn  1.1460   32.3651  9.1168   0.6621       0.8731      1.3087       0.5992           -0.4730           1.6037
ron_Latn  1.1334   32.0080  8.8394   0.6803       0.9307      1.3145       0.5906           -0.4576           1.6472
deu_Latn  1.1262   31.8054  9.2436   0.6561       0.9530      1.4971       1.2324           -0.4008           1.6340
spa_Latn  1.1124   31.4142  9.5266   0.6397       0.8771      1.3906       0.7740           -0.4361           1.5872
fin_Latn  1.1062   31.2397  8.6005   0.6919       0.8801      1.2118       0.3999           -0.5156           1.6334
hrv_Latn  1.0950   30.9248  8.0351   0.7494       1.0075      1.2103       0.3656           -0.5034           1.7405
fra_Latn  1.0819   30.5537  9.7688   0.6226       0.8492      1.4120       0.8781           -0.4117           1.5485
vie_Latn  1.0528   29.7312  8.9056   0.6781       1.0269      1.3161       0.2881           -0.3796           1.6833
arb_Arab  1.0447   29.5025  7.5185   0.8017       0.9955      0.9394       -0.6065          -0.4942           1.7248
cmn_Hans  1.0234   28.9027  2.9275   2.3793       3.0629      0.0901       -1.4547          -0.5768           3.1080
nya_Latn  1.0163   28.7021  9.8869   0.6086       0.7830      1.3858       0.8411           -0.4386           1.5010
tam_Taml  1.0103   28.5326  10.2737  0.5854       0.7546      1.3891       0.7653           -0.4168           1.4623
eng_Latn  1.0000   28.2407  8.8929   0.6780       0.9735      1.3851       0.7900           -0.4377           1.6731
heb_Hebr  0.9974   28.1685  6.9435   0.8497       1.0971      0.8489       -0.7852          -0.5711           1.8567
srp_Cyrl  0.9839   27.7854  8.9889   0.6790       0.9192      1.3521       0.7578           -0.4556           1.6358
tha_Thai  0.9831   27.7633  8.6899   0.6999       1.0716      1.2526       0.0887           -0.3795           1.7195
kat_Geor  0.9618   27.1615  10.1878  0.6001       0.8257      1.5011       1.1545           -0.3815           1.5104
amh_Ethi  0.9076   25.6319  6.6621   0.9748       1.6055      1.1122       -0.1994          -0.4337           2.1456
kor_Hang  0.8944   25.2588  5.0042   1.3352       2.4514      1.0009       -0.3006          -0.3564           2.5788
jpn_Jpan  0.8632   24.3781  4.4977   1.5129       2.4909      0.7702       -0.6797          -0.3865           2.6282

# eng_Latn reference (cumulative_mono_rel0p5, t_4.6202, t_midpoint): pps=28.2407	bpp=8.8929
