Language  Premium  PPS      BPP      EntropyTotal  EntropyMean  EntropyVar  EntropySkew  EntropyKurtosis  EntropyAutocorr1  EntropyVolatility
ita_Latn  1.1571   32.6911  9.0259   194783.8591   0.6621       0.8731      1.3087       0.5992           -0.4730           1.6037
ron_Latn  1.1335   32.0251  8.8347   191913.0711   0.6803       0.9307      1.3145       0.5906           -0.4576           1.6472
deu_Latn  1.1301   31.9298  9.2076   192299.0048   0.6561       0.9530      1.4971       1.2324           -0.4008           1.6340
spa_Latn  1.1254   31.7954  9.4124   190881.2981   0.6397       0.8771      1.3906       0.7740           -0.4361           1.5872
fin_Latn  1.1076   31.2929  8.5859   185328.0545   0.6919       0.8801      1.2118       0.3999           -0.5156           1.6334
hrv_Latn  1.0966   30.9829  8.0200   185662.1941   0.7494       1.0075      1.2103       0.3656           -0.5034           1.7405
fra_Latn  1.0933   30.8887  9.6629   185268.7550   0.6226       0.8492      1.4120       0.8781           -0.4117           1.5485
vie_Latn  1.0356   29.2588  9.0494   178992.1757   0.6781       1.0269      1.3161       0.2881           -0.3796           1.6833
arb_Arab  1.0334   29.1976  7.5970   177300.5509   0.8017       0.9955      0.9394       -0.6065          -0.4942           1.7248
nya_Latn  1.0321   29.1595  9.7318   172185.9057   0.6086       0.7830      1.3858       0.8411           -0.4386           1.5010
tam_Taml  1.0221   28.8766  10.1513  171095.3419   0.5854       0.7546      1.3891       0.7653           -0.4168           1.4623
eng_Latn  1.0000   28.2528  8.8891   169754.1380   0.6780       0.9735      1.3851       0.7900           -0.4377           1.6731
srp_Cyrl  0.9993   28.2337  8.8461   169074.5619   0.6790       0.9192      1.3521       0.7578           -0.4556           1.6358
kat_Geor  0.9796   27.6760  9.9984   165571.0718   0.6001       0.8257      1.5011       1.1545           -0.3815           1.5104
heb_Hebr  0.9783   27.6409  7.0761   165699.7326   0.8497       1.0971      0.8489       -0.7852          -0.5711           1.8567
cmn_Hans  0.9728   27.4855  3.0784   200714.2122   2.3793       3.0629      0.0901       -1.4547          -0.5768           3.1080
tha_Thai  0.9625   27.1926  8.8723   168358.1961   0.6999       1.0716      1.2526       0.0887           -0.3795           1.7195
amh_Ethi  0.9062   25.6018  6.6699   165964.0359   0.9748       1.6055      1.1122       -0.1994          -0.4337           2.1456
kor_Hang  0.8577   24.2327  5.2161   168262.2721   1.3352       2.4514      1.0009       -0.3006          -0.3564           2.5788
jpn_Jpan  0.8325   23.5206  4.6617   165382.2381   1.5129       2.4909      0.7702       -0.6797          -0.3865           2.6282

# eng_Latn reference (cumulative_mono_rel0p25, t_4.9911, t_midpoint): pps=28.2528	bpp=8.8891
