Language  Premium  PPS      BPP     EntropyTotal  EntropyMean  EntropyVar  EntropySkew  EntropyKurtosis  EntropyAutocorr1  EntropyVolatility
ita_Latn  1.1606   41.7332  7.0703  194175.9040   1.3201       0.9239      0.5082       -0.5873          0.1761            1.2339
spa_Latn  1.1424   41.0802  7.2851  190279.3968   1.2754       0.9936      0.5414       -0.7345          0.1400            1.3073
ron_Latn  1.1361   40.8546  6.9254  191203.1694   1.3556       1.0122      0.5101       -0.5841          0.1627            1.3020
deu_Latn  1.1230   40.3821  7.2804  191702.1687   1.3080       1.1640      0.6895       -0.4118          0.1296            1.4235
fin_Latn  1.1105   39.9338  6.7280  184868.8117   1.3803       0.8533      0.4588       -0.4260          0.2216            1.1525
fra_Latn  1.1067   39.7954  7.5002  184699.2607   1.2414       1.0006      0.6122       -0.3257          0.2054            1.2610
hrv_Latn  1.0940   39.3400  6.3163  185133.5537   1.4946       1.0147      0.5284       -0.3542          0.1490            1.3141
nya_Latn  1.0337   37.1705  7.6344  171819.9034   1.2146       0.8825      0.5576       -0.5442          0.2999            1.1116
tam_Taml  1.0302   37.0441  7.9131  170359.7088   1.1658       0.8753      0.5618       -0.4043          0.3556            1.0622
vie_Latn  1.0277   36.9559  7.1646  178526.7539   1.3526       1.2955      0.3905       -1.0770          0.1074            1.5208
arb_Arab  1.0115   36.3711  6.0986  175795.2549   1.5898       1.0216      0.0771       -0.9501          0.1476            1.3197
srp_Cyrl  1.0021   36.0331  6.9314  167849.9912   1.3481       0.9955      0.6123       -0.3927          0.0993            1.3391
eng_Latn  1.0000   35.9589  6.9841  169284.8147   1.3522       1.1022      0.5492       -0.6706          0.1478            1.3707
kat_Geor  0.9813   35.2879  7.8417  164574.3012   1.1931       1.0231      0.6756       -0.4913          0.2436            1.2441
tha_Thai  0.9623   34.6028  6.9723  167275.9229   1.3909       1.3309      0.2855       -1.2530          0.0587            1.5828
heb_Hebr  0.9489   34.1224  5.7320  164668.6045   1.6889       0.9446      -0.0283      -0.7547          0.2923            1.1562
cmn_Hans  0.9399   33.7974  2.5035  199184.9589   4.7224       2.9339      -0.3714      -0.2650          0.1577            2.2231
amh_Ethi  0.9163   32.9478  5.1828  164804.0627   1.9360       1.8721      0.3281       -0.9942          0.1854            1.7464
kor_Hang  0.8223   29.5697  4.2747  166783.4383   2.6469       3.4615      0.3300       -0.9331          -0.0125           2.6475
jpn_Jpan  0.7965   28.6429  3.8280  163896.9610   2.9986       3.4154      0.3087       -0.7221          0.1681            2.3839

# eng_Latn reference (cumulative_nomono, t_3.7167, t_lower_bound): pps=35.9589	bpp=6.9841
