Language  Premium  PPS      BPP     EntropyMean  EntropyVar  EntropySkew  EntropyKurtosis  EntropyAutocorr1  EntropyVolatility
ita_Latn  1.1500   41.4554  7.1177  1.3201       0.9239      0.5082       -0.5873          0.1761            1.2339
spa_Latn  1.1476   41.3701  7.2340  1.2754       0.9936      0.5414       -0.7345          0.1400            1.3073
deu_Latn  1.1406   41.1163  7.1504  1.3080       1.1640      0.6895       -0.4118          0.1296            1.4235
ron_Latn  1.1189   40.3340  7.0147  1.3556       1.0122      0.5101       -0.5841          0.1627            1.3020
fra_Latn  1.0996   39.6379  7.5300  1.2414       1.0006      0.6122       -0.3257          0.2054            1.2610
fin_Latn  1.0897   39.2818  6.8397  1.3803       0.8533      0.4588       -0.4260          0.2216            1.1525
hrv_Latn  1.0873   39.1966  6.3394  1.4946       1.0147      0.5284       -0.3542          0.1490            1.3141
nya_Latn  1.0573   38.1123  7.4458  1.2146       0.8825      0.5576       -0.5442          0.2999            1.1116
vie_Latn  1.0294   37.1083  7.1352  1.3526       1.2955      0.3905       -1.0770          0.1074            1.5208
srp_Cyrl  1.0203   36.7783  6.7909  1.3481       0.9955      0.6123       -0.3927          0.0993            1.3391
kat_Geor  1.0182   36.7031  7.5393  1.1931       1.0231      0.6756       -0.4913          0.2436            1.2441
eng_Latn  1.0000   36.0481  6.9668  1.3522       1.1022      0.5492       -0.6706          0.1478            1.3707
tha_Thai  0.9717   35.0291  6.8874  1.3909       1.3309      0.2855       -1.2530          0.0587            1.5828
tam_Taml  0.9689   34.9288  8.3924  1.1658       0.8753      0.5618       -0.4043          0.3556            1.0622
arb_Arab  0.9501   34.2497  6.4764  1.5898       1.0216      0.0771       -0.9501          0.1476            1.3197
amh_Ethi  0.8618   31.0652  5.4969  1.9360       1.8721      0.3281       -0.9942          0.1854            1.7464
heb_Hebr  0.8082   29.1354  6.7131  1.6889       0.9446      -0.0283      -0.7547          0.2923            1.1562
jpn_Jpan  0.6849   24.6911  4.4407  2.9986       3.4154      0.3087       -0.7221          0.1681            2.3839
kor_Hang  0.6319   22.7773  5.5494  2.6469       3.4615      0.3300       -0.9331          -0.0125           2.6475
cmn_Hans  0.6015   21.6820  3.9024  4.7224       2.9339      -0.3714      -0.2650          0.1577            2.2231

# eng_Latn reference (cumulative_mono_0, t_3.0010, t_lower_bound): pps=36.0481	bpp=6.9668
