Language  Premium  PPS      BPP     EntropyMean  EntropyVar  EntropySkew  EntropyKurtosis  EntropyAutocorr1  EntropyVolatility
nya_Latn  1.2010   43.1785  6.5721  1.2146       0.8825      0.5576       -0.5442          0.2999            1.1116
deu_Latn  1.1980   43.0722  6.8257  1.3080       1.1640      0.6895       -0.4118          0.1296            1.4235
spa_Latn  1.1708   42.0923  7.1099  1.2754       0.9936      0.5414       -0.7345          0.1400            1.3073
kat_Geor  1.1332   40.7412  6.7920  1.1931       1.0231      0.6756       -0.4913          0.2436            1.2441
ita_Latn  1.1290   40.5908  7.2693  1.3201       0.9239      0.5082       -0.5873          0.1761            1.2339
fra_Latn  1.1220   40.3390  7.3991  1.2414       1.0006      0.6122       -0.3257          0.2054            1.2610
ron_Latn  1.1104   39.9218  7.0872  1.3556       1.0122      0.5101       -0.5841          0.1627            1.3020
tam_Taml  1.0708   38.4985  7.6142  1.1658       0.8753      0.5618       -0.4043          0.3556            1.0622
vie_Latn  1.0676   38.3831  6.8982  1.3526       1.2955      0.3905       -1.0770          0.1074            1.5208
hrv_Latn  1.0302   37.0381  6.7089  1.4946       1.0147      0.5284       -0.3542          0.1490            1.3141
fin_Latn  1.0295   37.0150  7.2586  1.3803       0.8533      0.4588       -0.4260          0.2216            1.1525
srp_Cyrl  1.0228   36.7723  6.7920  1.3481       0.9955      0.6123       -0.3927          0.0993            1.3391
tha_Thai  1.0062   36.1745  6.6693  1.3909       1.3309      0.2855       -1.2530          0.0587            1.5828
eng_Latn  1.0000   35.9529  6.9853  1.3522       1.1022      0.5492       -0.6706          0.1478            1.3707
arb_Arab  0.9181   33.0080  6.7200  1.5898       1.0216      0.0771       -0.9501          0.1476            1.3197
amh_Ethi  0.7424   26.6911  6.3977  1.9360       1.8721      0.3281       -0.9942          0.1854            1.7464
heb_Hebr  0.7246   26.0522  7.5076  1.6889       0.9446      -0.0283      -0.7547          0.2923            1.1562
jpn_Jpan  0.6347   22.8195  4.8049  2.9986       3.4154      0.3087       -0.7221          0.1681            2.3839
kor_Hang  0.5737   20.6269  6.1280  2.6469       3.4615      0.3300       -0.9331          -0.0125           2.6475
cmn_Hans  0.5029   18.0802  4.6798  4.7224       2.9339      -0.3714      -0.2650          0.1577            2.2231

# eng_Latn reference (raw_monotonicity, t_0.5609, t_lower_bound): pps=35.9529	bpp=6.9853
