Language  Premium  PPS      BPP     EntropyTotal  EntropyMean  EntropyVar  EntropySkew  EntropyKurtosis  EntropyAutocorr1  EntropyVolatility
ita_Latn  1.1574   41.6499  7.0844  194175.9040   1.3201       0.9239      0.5082       -0.5873          0.1761            1.2339
spa_Latn  1.1510   41.4183  7.2256  190279.3968   1.2754       0.9936      0.5414       -0.7345          0.1400            1.3073
deu_Latn  1.1424   41.1103  7.1514  191702.1687   1.3080       1.1640      0.6895       -0.4118          0.1296            1.4235
ron_Latn  1.1153   40.1344  7.0496  191203.1694   1.3556       1.0122      0.5101       -0.5841          0.1627            1.3020
fra_Latn  1.1042   39.7352  7.5116  184699.2607   1.2414       1.0006      0.6122       -0.3257          0.2054            1.2610
hrv_Latn  1.0804   38.8796  6.3911  185133.5537   1.4946       1.0147      0.5284       -0.3542          0.1490            1.3141
fin_Latn  1.0799   38.8606  6.9138  184868.8117   1.3803       0.8533      0.4588       -0.4260          0.2216            1.1525
nya_Latn  1.0633   38.2628  7.4165  171819.9034   1.2146       0.8825      0.5576       -0.5442          0.2999            1.1116
vie_Latn  1.0375   37.3370  7.0915  178526.7539   1.3526       1.2955      0.3905       -1.0770          0.1074            1.5208
srp_Cyrl  1.0273   36.9699  6.7557  167849.9912   1.3481       0.9955      0.6123       -0.3927          0.0993            1.3391
kat_Geor  1.0263   36.9308  7.4928  164574.3012   1.1931       1.0231      0.6756       -0.4913          0.2436            1.2441
eng_Latn  1.0000   35.9860  6.9789  169284.8147   1.3522       1.1022      0.5492       -0.6706          0.1478            1.3707
tha_Thai  0.9808   35.2959  6.8354  167275.9229   1.3909       1.3309      0.2855       -1.2530          0.0587            1.5828
arb_Arab  0.9683   34.8465  6.3654  175795.2549   1.5898       1.0216      0.0771       -0.9501          0.1476            1.3197
tam_Taml  0.9616   34.6038  8.4712  170359.7088   1.1658       0.8753      0.5618       -0.4043          0.3556            1.0622
amh_Ethi  0.8293   29.8425  5.7221  164804.0627   1.9360       1.8721      0.3281       -0.9942          0.1854            1.7464
heb_Hebr  0.8118   29.2126  6.6953  164668.6045   1.6889       0.9446      -0.0283      -0.7547          0.2923            1.1562
jpn_Jpan  0.6691   24.0782  4.5537  163896.9610   2.9986       3.4154      0.3087       -0.7221          0.1681            2.3839
kor_Hang  0.6166   22.1906  5.6962  166783.4383   2.6469       3.4615      0.3300       -0.9331          -0.0125           2.6475
cmn_Hans  0.5777   20.7894  4.0700  199184.9589   4.7224       2.9339      -0.3714      -0.2650          0.1577            2.2231

# eng_Latn reference (cumulative_mono_rel0p25, t_2.8378, t_lower_bound): pps=35.9860	bpp=6.9789
