Language  Premium  PPS      BPP      EntropyMean  EntropyVar  EntropySkew  EntropyKurtosis  EntropyAutocorr1  EntropyVolatility
ita_Latn  1.1607   26.6670  11.0648  1.3201       0.9239      0.5082       -0.5873          0.1761            1.2339
deu_Latn  1.1474   26.3611  11.1527  1.3080       1.1640      0.6895       -0.4118          0.1296            1.4235
spa_Latn  1.1376   26.1364  11.4504  1.2754       0.9936      0.5414       -0.7345          0.1400            1.3073
ron_Latn  1.1284   25.9238  10.9140  1.3556       1.0122      0.5101       -0.5841          0.1627            1.3020
fra_Latn  1.1047   25.3801  11.7601  1.2414       1.0006      0.6122       -0.3257          0.2054            1.2610
fin_Latn  1.1012   25.2989  10.6201  1.3803       0.8533      0.4588       -0.4260          0.2216            1.1525
hrv_Latn  1.0898   25.0381  9.9242   1.4946       1.0147      0.5284       -0.3542          0.1490            1.3141
vie_Latn  1.0693   24.5667  10.7778  1.3526       1.2955      0.3905       -1.0770          0.1074            1.5208
nya_Latn  1.0692   24.5657  11.5517  1.2146       0.8825      0.5576       -0.5442          0.2999            1.1116
tam_Taml  1.0254   23.5587  12.4428  1.1658       0.8753      0.5618       -0.4043          0.3556            1.0622
arb_Arab  1.0253   23.5567  9.4162   1.5898       1.0216      0.0771       -0.9501          0.1476            1.3197
srp_Cyrl  1.0136   23.2879  10.7249  1.3481       0.9955      0.6123       -0.3927          0.0993            1.3391
kat_Geor  1.0038   23.0632  11.9982  1.1931       1.0231      0.6756       -0.4913          0.2436            1.2441
eng_Latn  1.0000   22.9749  10.9311  1.3522       1.1022      0.5492       -0.6706          0.1478            1.3707
tha_Thai  0.9632   22.1304  10.9017  1.3909       1.3309      0.2855       -1.2530          0.0587            1.5828
heb_Hebr  0.9254   21.2618  9.1991   1.6889       0.9446      -0.0283      -0.7547          0.2923            1.1562
amh_Ethi  0.8744   20.0903  8.4998   1.9360       1.8721      0.3281       -0.9942          0.1854            1.7464
cmn_Hans  0.8629   19.8255  4.2678   4.7224       2.9339      -0.3714      -0.2650          0.1577            2.2231
jpn_Jpan  0.8235   18.9198  5.7953   2.9986       3.4154      0.3087       -0.7221          0.1681            2.3839
kor_Hang  0.8065   18.5286  6.8220   2.6469       3.4615      0.3300       -0.9331          -0.0125           2.6475

# eng_Latn reference (cumulative_mono_0, t_5.4244, t_upper_bound): pps=22.9749	bpp=10.9311
