Language  Premium  PPS      BPP      EntropyTotal  EntropyMean  EntropyVar  EntropySkew  EntropyKurtosis  EntropyAutocorr1  EntropyVolatility
ita_Latn  1.1586   26.6820  11.0586  194175.9040   1.3201       0.9239      0.5082       -0.5873          0.1761            1.2339
ron_Latn  1.1359   26.1605  10.8153  191203.1694   1.3556       1.0122      0.5101       -0.5841          0.1627            1.3020
spa_Latn  1.1306   26.0371  11.4940  190279.3968   1.2754       0.9936      0.5414       -0.7345          0.1400            1.3073
deu_Latn  1.1300   26.0231  11.2976  191702.1687   1.3080       1.1640      0.6895       -0.4118          0.1296            1.4235
fin_Latn  1.1054   25.4574  10.5540  184868.8117   1.3803       0.8533      0.4588       -0.4260          0.2216            1.1525
fra_Latn  1.1017   25.3721  11.7638  184699.2607   1.2414       1.0006      0.6122       -0.3257          0.2054            1.2610
hrv_Latn  1.0946   25.2076  9.8575   185133.5537   1.4946       1.0147      0.5284       -0.3542          0.1490            1.3141
vie_Latn  1.0493   24.1645  10.9572  178526.7539   1.3526       1.2955      0.3905       -1.0770          0.1074            1.5208
arb_Arab  1.0355   23.8485  9.3009   175795.2549   1.5898       1.0216      0.0771       -0.9501          0.1476            1.3197
nya_Latn  1.0340   23.8124  11.9171  171819.9034   1.2146       0.8825      0.5576       -0.5442          0.2999            1.1116
tam_Taml  1.0240   23.5838  12.4295  170359.7088   1.1658       0.8753      0.5618       -0.4043          0.3556            1.0622
eng_Latn  1.0000   23.0301  10.9049  169284.8147   1.3522       1.1022      0.5492       -0.6706          0.1478            1.3707
srp_Cyrl  0.9988   23.0020  10.8582  167849.9912   1.3481       0.9955      0.6123       -0.3927          0.0993            1.3391
kat_Geor  0.9819   22.6138  12.2366  164574.3012   1.1931       1.0231      0.6756       -0.4913          0.2436            1.2441
tha_Thai  0.9729   22.4062  10.7675  167275.9229   1.3909       1.3309      0.2855       -1.2530          0.0587            1.5828
heb_Hebr  0.9696   22.3300  8.7590   164668.6045   1.6889       0.9446      -0.0283      -0.7547          0.2923            1.1562
cmn_Hans  0.9514   21.9097  3.8618   199184.9589   4.7224       2.9339      -0.3714      -0.2650          0.1577            2.2231
amh_Ethi  0.9391   21.6269  7.8958   164804.0627   1.9360       1.8721      0.3281       -0.9942          0.1854            1.7464
kor_Hang  0.8828   20.3300  6.2175   166783.4383   2.6469       3.4615      0.3300       -0.9331          -0.0125           2.6475
jpn_Jpan  0.8517   19.6138  5.5902   163896.9610   2.9986       3.4154      0.3087       -0.7221          0.1681            2.3839

# eng_Latn reference (cumulative_nomono, t_6.4289, t_upper_bound): pps=23.0301	bpp=10.9049
