Language  Premium  PPS      BPP      EntropyMean  EntropyVar  EntropySkew  EntropyKurtosis  EntropyAutocorr1  EntropyVolatility
cmn_Hans  1.6292   37.4784  2.2576   4.7224       2.9339      -0.3714      -0.2650          0.1577            2.2231
amh_Ethi  1.4489   33.3310  5.1232   1.9360       1.8721      0.3281       -0.9942          0.1854            1.7464
kor_Hang  1.4289   32.8706  3.8454   2.6469       3.4615      0.3300       -0.9331          -0.0125           2.6475
vie_Latn  1.4124   32.4915  8.1490   1.3526       1.2955      0.3905       -1.0770          0.1074            1.5208
jpn_Jpan  1.4051   32.3220  3.3923   2.9986       3.4154      0.3087       -0.7221          0.1681            2.3839
tha_Thai  1.3291   30.5757  7.8906   1.3909       1.3309      0.2855       -1.2530          0.0587            1.5828
arb_Arab  1.2466   28.6760  7.7352   1.5898       1.0216      0.0771       -0.9501          0.1476            1.3197
heb_Hebr  1.2378   28.4744  6.8689   1.6889       0.9446      -0.0283      -0.7547          0.2923            1.1562
spa_Latn  1.1482   26.4132  11.3304  1.2754       0.9936      0.5414       -0.7345          0.1400            1.3073
deu_Latn  1.0914   25.1073  11.7097  1.3080       1.1640      0.6895       -0.4118          0.1296            1.4235
ron_Latn  1.0857   24.9759  11.3282  1.3556       1.0122      0.5101       -0.5841          0.1627            1.3020
ita_Latn  1.0636   24.4674  12.0595  1.3201       0.9239      0.5082       -0.5873          0.1761            1.2339
hrv_Latn  1.0470   24.0853  10.3168  1.4946       1.0147      0.5284       -0.3542          0.1490            1.3141
fra_Latn  1.0370   23.8556  12.5117  1.2414       1.0006      0.6122       -0.3257          0.2054            1.2610
eng_Latn  1.0000   23.0040  10.9173  1.3522       1.1022      0.5492       -0.6706          0.1478            1.3707
srp_Cyrl  0.9503   21.8616  11.4246  1.3481       0.9955      0.6123       -0.3927          0.0993            1.3391
kat_Geor  0.9481   21.8094  12.6879  1.1931       1.0231      0.6756       -0.4913          0.2436            1.2441
tam_Taml  0.8998   20.7001  14.1611  1.1658       0.8753      0.5618       -0.4043          0.3556            1.0622
fin_Latn  0.8187   18.8325  14.2666  1.3803       0.8533      0.4588       -0.4260          0.2216            1.1525
nya_Latn  0.7876   18.1184  15.6623  1.2146       0.8825      0.5576       -0.5442          0.2999            1.1116

# eng_Latn reference (raw_entropy, t_2.4712, t_upper_bound): pps=23.0040	bpp=10.9173
