Language  Premium  PPS      BPP      EntropyMean  EntropyVar  EntropySkew  EntropyKurtosis  EntropyAutocorr1  EntropyVolatility
vie_Latn  1.2602   29.0231  9.1229   1.3526       1.2955      0.3905       -1.0770          0.1074            1.5208
tha_Thai  1.2390   28.5336  8.4553   1.3909       1.3309      0.2855       -1.2530          0.0587            1.5828
deu_Latn  1.1459   26.3912  11.1400  1.3080       1.1640      0.6895       -0.4118          0.1296            1.4235
spa_Latn  1.0944   25.2046  11.8737  1.2754       0.9936      0.5414       -0.7345          0.1400            1.3073
fra_Latn  1.0521   24.2297  12.3185  1.2414       1.0006      0.6122       -0.3257          0.2054            1.2610
ron_Latn  1.0312   23.7482  11.9138  1.3556       1.0122      0.5101       -0.5841          0.1627            1.3020
eng_Latn  1.0000   23.0301  10.9049  1.3522       1.1022      0.5492       -0.6706          0.1478            1.3707
ita_Latn  0.9953   22.9218  12.8727  1.3201       0.9239      0.5082       -0.5873          0.1761            1.2339
srp_Cyrl  0.9568   22.0361  11.3341  1.3481       0.9955      0.6123       -0.3927          0.0993            1.3391
kat_Geor  0.9434   21.7262  12.7365  1.1931       1.0231      0.6756       -0.4913          0.2436            1.2441
hrv_Latn  0.9259   21.3230  11.6533  1.4946       1.0147      0.5284       -0.3542          0.1490            1.3141
arb_Arab  0.9067   20.8816  10.6224  1.5898       1.0216      0.0771       -0.9501          0.1476            1.3197
nya_Latn  0.8454   19.4694  14.5754  1.2146       0.8825      0.5576       -0.5442          0.2999            1.1116
amh_Ethi  0.8309   19.1364  8.9234   1.9360       1.8721      0.3281       -0.9942          0.1854            1.7464
fin_Latn  0.8309   19.1354  14.0408  1.3803       0.8533      0.4588       -0.4260          0.2216            1.1525
tam_Taml  0.8193   18.8696  15.5348  1.1658       0.8753      0.5618       -0.4043          0.3556            1.0622
jpn_Jpan  0.7433   17.1174  6.4055   2.9986       3.4154      0.3087       -0.7221          0.1681            2.3839
kor_Hang  0.7368   16.9689  7.4490   2.6469       3.4615      0.3300       -0.9331          -0.0125           2.6475
heb_Hebr  0.6706   15.4433  12.6649  1.6889       0.9446      -0.0283      -0.7547          0.2923            1.1562
cmn_Hans  0.5742   13.2237  6.3985   4.7224       2.9339      -0.3714      -0.2650          0.1577            2.2231

# eng_Latn reference (raw_monotonicity, t_1.3330, t_upper_bound): pps=23.0301	bpp=10.9049
