Language  Premium  PPS      BPP      EntropyMean  EntropyVar  EntropySkew  EntropyKurtosis  EntropyAutocorr1  EntropyVolatility
deu_Latn  1.1667   26.8064  10.9674  1.3080       1.1640      0.6895       -0.4118          0.1296            1.4235
vie_Latn  1.1393   26.1785  10.1142  1.3526       1.2955      0.3905       -1.0770          0.1074            1.5208
ita_Latn  1.1128   25.5697  11.5396  1.3201       0.9239      0.5082       -0.5873          0.1761            1.2339
spa_Latn  1.1127   25.5657  11.7060  1.2754       0.9936      0.5414       -0.7345          0.1400            1.3073
ron_Latn  1.1057   25.4062  11.1364  1.3556       1.0122      0.5101       -0.5841          0.1627            1.3020
fra_Latn  1.0848   24.9248  11.9750  1.2414       1.0006      0.6122       -0.3257          0.2054            1.2610
hrv_Latn  1.0433   23.9719  10.3656  1.4946       1.0147      0.5284       -0.3542          0.1490            1.3141
nya_Latn  1.0314   23.6991  11.9741  1.2146       0.8825      0.5576       -0.5442          0.2999            1.1116
tha_Thai  1.0175   23.3801  10.3190  1.3909       1.3309      0.2855       -1.2530          0.0587            1.5828
fin_Latn  1.0142   23.3039  11.5292  1.3803       0.8533      0.4588       -0.4260          0.2216            1.1525
eng_Latn  1.0000   22.9769  10.9302  1.3522       1.1022      0.5492       -0.6706          0.1478            1.3707
kat_Geor  0.9995   22.9649  12.0495  1.1931       1.0231      0.6756       -0.4913          0.2436            1.2441
tam_Taml  0.9921   22.7964  12.8589  1.1658       0.8753      0.5618       -0.4043          0.3556            1.0622
srp_Cyrl  0.9787   22.4865  11.1071  1.3481       0.9955      0.6123       -0.3927          0.0993            1.3391
arb_Arab  0.8944   20.5496  10.7940  1.5898       1.0216      0.0771       -0.9501          0.1476            1.3197
amh_Ethi  0.8537   19.6158  8.7053   1.9360       1.8721      0.3281       -0.9942          0.1854            1.7464
jpn_Jpan  0.8069   18.5406  5.9138   2.9986       3.4154      0.3087       -0.7221          0.1681            2.3839
heb_Hebr  0.7865   18.0712  10.8232  1.6889       0.9446      -0.0283      -0.7547          0.2923            1.1562
kor_Hang  0.7803   17.9298  7.0498   2.6469       3.4615      0.3300       -0.9331          -0.0125           2.6475
cmn_Hans  0.7330   16.8415  5.0240   4.7224       2.9339      -0.3714      -0.2650          0.1577            2.2231

# eng_Latn reference (cumulative_mono_rel0p5, t_4.3696, t_upper_bound): pps=22.9769	bpp=10.9302
