Language  Premium  PPS      BPP      EntropyMean  EntropyVar  EntropySkew  EntropyKurtosis  EntropyAutocorr1  EntropyVolatility
arb_Arab  1.4814   42.6851  4.7131   1.5767       1.1068      0.1407       -1.2508          0.0870            1.4216
heb_Hebr  1.4628   42.1494  4.1516   1.6569       0.9973      -0.0086      -0.8208          0.2444            1.2276
vie_Latn  1.3557   39.0642  4.4886   1.3111       1.3907      0.6317       -0.6709          0.0474            1.6277
amh_Ethi  1.3308   38.3450  5.7127   1.9410       2.0845      0.3656       -1.0434          0.0782            1.9604
cmn_Hans  1.2992   37.4363  3.1415   4.6026       4.1778      -0.0863      -1.0643          0.0988            2.7441
tha_Thai  1.2985   37.4142  9.2891   1.4677       1.6956      0.7029       -0.4418          -0.0297           1.8687
jpn_Jpan  1.2170   35.0682  4.5776   3.0734       3.8362      0.4558       -0.7002          0.0928            2.6382
kor_Hang  1.2006   34.5948  4.3756   2.6347       3.8972      0.4576       -0.8674          -0.1165           2.9500
tam_Taml  1.1677   33.6469  11.8882  1.1918       0.9361      0.6868       0.2401           0.2473            1.1871
deu_Latn  1.1058   31.8616  4.6885   1.2393       1.1370      0.7150       -0.4278          0.1405            1.3981
spa_Latn  1.0847   31.2538  4.8806   1.1895       0.9914      0.6487       -0.6085          0.1446            1.3024
hrv_Latn  1.0834   31.2166  4.0848   1.4077       0.9962      0.4681       -0.6690          0.1761            1.2812
kat_Geor  1.0579   30.4814  12.2625  1.2129       1.1177      0.7947       -0.1313          0.1738            1.3590
ron_Latn  1.0573   30.4654  4.9021   1.2409       0.9977      0.5927       -0.5779          0.1780            1.2807
srp_Cyrl  1.0439   30.0802  7.5504   1.3402       1.0506      0.7289       -0.2397          0.0333            1.4253
ita_Latn  1.0345   29.8084  4.9863   1.2120       0.9134      0.5833       -0.5880          0.1949            1.2128
fra_Latn  1.0293   29.6600  5.2272   1.1607       0.9743      0.6393       -0.5435          0.1971            1.2508
eng_Latn  1.0000   28.8144  4.3613   1.2734       1.0413      0.5774       -0.6853          0.1583            1.3240
fin_Latn  0.9417   27.1344  5.1442   1.3268       0.8651      0.4866       -0.4678          0.2291            1.1549
nya_Latn  0.9396   27.0732  5.2526   1.1198       0.8626      0.6366       -0.4950          0.3103            1.0908

# eng_Latn reference (raw_entropy, t_2.1167, t_midpoint): pps=28.8144	bpp=4.3613
