Language  Premium  PPS      BPP      EntropyMean  EntropyVar  EntropySkew  EntropyKurtosis  EntropyAutocorr1  EntropyVolatility
deu_Latn  1.1324   31.9769  4.6716   1.2393       1.1370      0.7150       -0.4278          0.1405            1.3981
ita_Latn  1.1204   31.6389  4.6978   1.2120       0.9134      0.5833       -0.5880          0.1949            1.2128
fin_Latn  1.1192   31.6058  4.4164   1.3268       0.8651      0.4866       -0.4678          0.2291            1.1549
spa_Latn  1.1131   31.4313  4.8530   1.1895       0.9914      0.6487       -0.6085          0.1446            1.3024
ron_Latn  1.0989   31.0311  4.8127   1.2409       0.9977      0.5927       -0.5779          0.1780            1.2807
tam_Taml  1.0965   30.9629  12.9187  1.1918       0.9361      0.6868       0.2401           0.2473            1.1871
hrv_Latn  1.0876   30.7111  4.1520   1.4077       0.9962      0.4681       -0.6690          0.1761            1.2812
fra_Latn  1.0817   30.5466  5.0755   1.1607       0.9743      0.6393       -0.5435          0.1971            1.2508
arb_Arab  1.0685   30.1735  6.6674   1.5767       1.1068      0.1407       -1.2508          0.0870            1.4216
tha_Thai  1.0590   29.9047  11.6217  1.4677       1.6956      0.7029       -0.4418          -0.0297           1.8687
vie_Latn  1.0548   29.7864  5.8868   1.3111       1.3907      0.6317       -0.6709          0.0474            1.6277
srp_Cyrl  1.0398   29.3621  7.7350   1.3402       1.0506      0.7289       -0.2397          0.0333            1.4253
kat_Geor  1.0397   29.3591  12.7313  1.2129       1.1177      0.7947       -0.1313          0.1738            1.3590
heb_Hebr  1.0101   28.5226  6.1351   1.6569       0.9973      -0.0086      -0.8208          0.2444            1.2276
nya_Latn  1.0085   28.4794  4.9932   1.1198       0.8626      0.6366       -0.4950          0.3103            1.0908
eng_Latn  1.0000   28.2387  4.4502   1.2734       1.0413      0.5774       -0.6853          0.1583            1.3240
cmn_Hans  0.9574   27.0351  4.3502   4.6026       4.1778      -0.0863      -1.0643          0.0988            2.7441
amh_Ethi  0.9459   26.7121  8.2005   1.9410       2.0845      0.3656       -1.0434          0.0782            1.9604
kor_Hang  0.8853   24.9990  6.0551   2.6347       3.8972      0.4576       -0.8674          -0.1165           2.9500
jpn_Jpan  0.8684   24.5226  6.5462   3.0734       3.8362      0.4558       -0.7002          0.0928            2.6382

# eng_Latn reference (cumulative_nomono, t_4.7584, t_midpoint): pps=28.2387	bpp=4.4502
