Language  Premium  PPS      BPP      EntropyTotal  EntropyMean  EntropyVar  EntropySkew  EntropyKurtosis  EntropyAutocorr1  EntropyVolatility
deu_Latn  1.1562   32.4804  4.5992   181629.7160   1.2393       1.1370      0.7150       -0.4278          0.1405            1.3981
spa_Latn  1.1336   31.8455  4.7899   177450.7744   1.1895       0.9914      0.6487       -0.6085          0.1446            1.3024
ita_Latn  1.1206   31.4804  4.7215   178274.0667   1.2120       0.9134      0.5833       -0.5880          0.1949            1.2128
vie_Latn  1.1127   31.2558  5.6100   173054.9653   1.3111       1.3907      0.6317       -0.6709          0.0474            1.6277
tha_Thai  1.1025   30.9719  11.2213  176520.9315   1.4677       1.6956      0.7029       -0.4418          -0.0297           1.8687
fra_Latn  1.0963   30.7974  5.0341   172698.7485   1.1607       0.9743      0.6393       -0.5435          0.1971            1.2508
kat_Geor  1.0952   30.7643  12.1498  167306.2614   1.2129       1.1177      0.7947       -0.1313          0.1738            1.3590
fin_Latn  1.0922   30.6800  4.5497   177703.3899   1.3268       0.8651      0.4866       -0.4678          0.2291            1.1549
ron_Latn  1.0909   30.6449  4.8734   175018.6837   1.2409       0.9977      0.5927       -0.5779          0.1780            1.2807
hrv_Latn  1.0776   30.2698  4.2125   174368.8005   1.4077       0.9962      0.4681       -0.6690          0.1761            1.2812
srp_Cyrl  1.0625   29.8465  7.6095   166855.8479   1.3402       1.0506      0.7289       -0.2397          0.0333            1.4253
tam_Taml  1.0573   29.7021  13.4671  174162.1339   1.1918       0.9361      0.6868       0.2401           0.2473            1.1871
nya_Latn  1.0281   28.8806  4.9238   158403.4463   1.1198       0.8626      0.6366       -0.4950          0.3103            1.0908
eng_Latn  1.0000   28.0913  4.4735   159418.4792   1.2734       1.0413      0.5774       -0.6853          0.1583            1.3240
arb_Arab  0.9754   27.4002  7.3423   174345.3552   1.5767       1.1068      0.1407       -1.2508          0.0870            1.4216
amh_Ethi  0.9238   25.9509  8.4411   165229.7682   1.9410       2.0845      0.3656       -1.0434          0.0782            1.9604
heb_Hebr  0.8202   23.0401  7.5950   161547.3822   1.6569       0.9973      -0.0086      -0.8208          0.2444            1.2276
jpn_Jpan  0.8023   22.5376  7.1227   167987.7937   3.0734       3.8362      0.4558       -0.7002          0.0928            2.6382
kor_Hang  0.7602   21.3541  7.0887   166013.7689   2.6347       3.8972      0.4576       -0.8674          -0.1165           2.9500
cmn_Hans  0.6942   19.5015  6.0307   194132.1376   4.6026       4.1778      -0.0863      -1.0643          0.0988            2.7441

# eng_Latn reference (cumulative_mono_rel0p25, t_3.6203, t_midpoint): pps=28.0913	bpp=4.4735
