Language  Premium  PPS      BPP      EntropyMean  EntropyVar  EntropySkew  EntropyKurtosis  EntropyAutocorr1  EntropyVolatility
deu_Latn  1.1510   32.0993  4.6538   1.2393       1.1370      0.7150       -0.4278          0.1405            1.3981
spa_Latn  1.1286   31.4744  4.8463   1.1895       0.9914      0.6487       -0.6085          0.1446            1.3024
ita_Latn  1.1244   31.3561  4.7402   1.2120       0.9134      0.5833       -0.5880          0.1949            1.2128
fin_Latn  1.1065   30.8586  4.5233   1.3268       0.8651      0.4866       -0.4678          0.2291            1.1549
ron_Latn  1.0965   30.5787  4.8839   1.2409       0.9977      0.5927       -0.5779          0.1780            1.2807
fra_Latn  1.0925   30.4684  5.0885   1.1607       0.9743      0.6393       -0.5435          0.1971            1.2508
tha_Thai  1.0896   30.3852  11.4380  1.4677       1.6956      0.7029       -0.4418          -0.0297           1.8687
vie_Latn  1.0876   30.3300  5.7812   1.3111       1.3907      0.6317       -0.6709          0.0474            1.6277
tam_Taml  1.0770   30.0361  13.3173  1.1918       0.9361      0.6868       0.2401           0.2473            1.1871
hrv_Latn  1.0756   29.9970  4.2508   1.4077       0.9962      0.4681       -0.6690          0.1761            1.2812
kat_Geor  1.0741   29.9529  12.4789  1.2129       1.1177      0.7947       -0.1313          0.1738            1.3590
srp_Cyrl  1.0543   29.4012  7.7247   1.3402       1.0506      0.7289       -0.2397          0.0333            1.4253
nya_Latn  1.0305   28.7372  4.9484   1.1198       0.8626      0.6366       -0.4950          0.3103            1.0908
eng_Latn  1.0000   27.8877  4.5062   1.2734       1.0413      0.5774       -0.6853          0.1583            1.3240
arb_Arab  0.9941   27.7222  7.2570   1.5767       1.1068      0.1407       -1.2508          0.0870            1.4216
amh_Ethi  0.9196   25.6469  8.5411   1.9410       2.0845      0.3656       -1.0434          0.0782            1.9604
heb_Hebr  0.8984   25.0532  6.9847   1.6569       0.9973      -0.0086      -0.8208          0.2444            1.2276
jpn_Jpan  0.8219   22.9198  7.0040   3.0734       3.8362      0.4558       -0.7002          0.0928            2.6382
kor_Hang  0.7813   21.7874  6.9477   2.6347       3.8972      0.4576       -0.8674          -0.1165           2.9500
cmn_Hans  0.7330   20.4423  5.7531   4.6026       4.1778      -0.0863      -1.0643          0.0988            2.7441

# eng_Latn reference (cumulative_mono_0, t_3.9405, t_midpoint): pps=27.8877	bpp=4.5062
