Language  Premium  PPS      BPP      EntropyTotal  EntropyMean  EntropyVar  EntropySkew  EntropyKurtosis  EntropyAutocorr1  EntropyVolatility
deu_Latn  1.1603   32.8465  4.5479   181629.7160   1.2393       1.1370      0.7150       -0.4278          0.1405            1.3981
vie_Latn  1.1581   32.7834  5.3486   173054.9653   1.3111       1.3907      0.6317       -0.6709          0.0474            1.6277
spa_Latn  1.1261   31.8786  4.7849   177450.7744   1.1895       0.9914      0.6487       -0.6085          0.1446            1.3024
kat_Geor  1.1100   31.4213  11.8957  167306.2614   1.2129       1.1177      0.7947       -0.1313          0.1738            1.3590
tha_Thai  1.1046   31.2688  11.1147  176520.9315   1.4677       1.6956      0.7029       -0.4418          -0.0297           1.8687
ita_Latn  1.1043   31.2618  4.7545   178274.0667   1.2120       0.9134      0.5833       -0.5880          0.1949            1.2128
fra_Latn  1.0917   30.9037  5.0168   172698.7485   1.1607       0.9743      0.6393       -0.5435          0.1971            1.2508
ron_Latn  1.0860   30.7422  4.8579   175018.6837   1.2409       0.9977      0.5927       -0.5779          0.1780            1.2807
hrv_Latn  1.0765   30.4744  4.1842   174368.8005   1.4077       0.9962      0.4681       -0.6690          0.1761            1.2812
srp_Cyrl  1.0643   30.1294  7.5380   166855.8479   1.3402       1.0506      0.7289       -0.2397          0.0333            1.4253
fin_Latn  1.0503   29.7312  4.6949   177703.3899   1.3268       0.8651      0.4866       -0.4678          0.2291            1.1549
tam_Taml  1.0482   29.6730  13.4803  174162.1339   1.1918       0.9361      0.6868       0.2401           0.2473            1.1871
nya_Latn  1.0299   29.1545  4.8776   158403.4463   1.1198       0.8626      0.6366       -0.4950          0.3103            1.0908
arb_Arab  1.0030   28.3932  7.0855   174345.3552   1.5767       1.1068      0.1407       -1.2508          0.0870            1.4216
eng_Latn  1.0000   28.3079  4.4393   159418.4792   1.2734       1.0413      0.5774       -0.6853          0.1583            1.3240
amh_Ethi  0.9013   25.5145  8.5854   165229.7682   1.9410       2.0845      0.3656       -1.0434          0.0782            1.9604
jpn_Jpan  0.7755   21.9519  7.3128   167987.7937   3.0734       3.8362      0.4558       -0.7002          0.0928            2.6382
heb_Hebr  0.7620   21.5717  8.1120   161547.3822   1.6569       0.9973      -0.0086      -0.8208          0.2444            1.2276
kor_Hang  0.7323   20.7312  7.3017   166013.7689   2.6347       3.8972      0.4576       -0.8674          -0.1165           2.9500
cmn_Hans  0.6567   18.5888  6.3268   194132.1376   4.6026       4.1778      -0.0863      -1.0643          0.0988            2.7441

# eng_Latn reference (cumulative_mono_rel0p5, t_3.2485, t_midpoint): pps=28.3079	bpp=4.4393
