Language  Premium  PPS      BPP      EntropyMean  EntropyVar  EntropySkew  EntropyKurtosis  EntropyAutocorr1  EntropyVolatility
vie_Latn  1.2531   35.5838  4.9277   1.3111       1.3907      0.6317       -0.6709          0.0474            1.6277
deu_Latn  1.1790   33.4804  4.4618   1.2393       1.1370      0.7150       -0.4278          0.1405            1.3981
tha_Thai  1.1502   32.6620  10.6406  1.4677       1.6956      0.7029       -0.4418          -0.0297           1.8687
kat_Geor  1.1149   31.6610  11.8057  1.2129       1.1177      0.7947       -0.1313          0.1738            1.3590
spa_Latn  1.1147   31.6530  4.8190   1.1895       0.9914      0.6487       -0.6085          0.1446            1.3024
fra_Latn  1.0774   30.5958  5.0673   1.1607       0.9743      0.6393       -0.5435          0.1971            1.2508
ron_Latn  1.0622   30.1645  4.9510   1.2409       0.9977      0.5927       -0.5779          0.1780            1.2807
tam_Taml  1.0536   29.9198  13.3691  1.1918       0.9361      0.6868       0.2401           0.2473            1.1871
nya_Latn  1.0508   29.8405  4.7655   1.1198       0.8626      0.6366       -0.4950          0.3103            1.0908
ita_Latn  1.0432   29.6239  5.0174   1.2120       0.9134      0.5833       -0.5880          0.1949            1.2128
srp_Cyrl  1.0187   28.9288  7.8509   1.3402       1.0506      0.7289       -0.2397          0.0333            1.4253
arb_Arab  1.0146   28.8104  6.9829   1.5767       1.1068      0.1407       -1.2508          0.0870            1.4216
hrv_Latn  1.0012   28.4303  4.4851   1.4077       0.9962      0.4681       -0.6690          0.1761            1.2812
eng_Latn  1.0000   28.3972  4.4253   1.2734       1.0413      0.5774       -0.6853          0.1583            1.3240
fin_Latn  0.9544   27.1033  5.1501   1.3268       0.8651      0.4866       -0.4678          0.2291            1.1549
amh_Ethi  0.8301   23.5717  9.2931   1.9410       2.0845      0.3656       -1.0434          0.0782            1.9604
heb_Hebr  0.7441   21.1314  8.2810   1.6569       0.9973      -0.0086      -0.8208          0.2444            1.2276
jpn_Jpan  0.7413   21.0512  7.6257   3.0734       3.8362      0.4558       -0.7002          0.0928            2.6382
kor_Hang  0.6969   19.7904  7.6488   2.6347       3.8972      0.4576       -0.8674          -0.1165           2.9500
cmn_Hans  0.5882   16.7031  7.0410   4.6026       4.1778      -0.0863      -1.0643          0.0988            2.7441

# eng_Latn reference (raw_monotonicity, t_0.8922, t_midpoint): pps=28.3972	bpp=4.4253
