Language  Premium  PPS      BPP      EntropyMean  EntropyVar  EntropySkew  EntropyKurtosis  EntropyAutocorr1  EntropyVolatility
ita_Latn  1.1580   26.6449  11.0740  0.6621       0.8731      1.3087       0.5992           -0.4730           1.6037
ron_Latn  1.1354   26.1264  10.8294  0.6803       0.9307      1.3145       0.5906           -0.4576           1.6472
deu_Latn  1.1338   26.0883  11.2694  0.6561       0.9530      1.4971       1.2324           -0.4008           1.6340
spa_Latn  1.1295   25.9900  11.5149  0.6397       0.8771      1.3906       0.7740           -0.4361           1.5872
fin_Latn  1.1038   25.3982  10.5785  0.6919       0.8801      1.2118       0.3999           -0.5156           1.6334
fra_Latn  1.1000   25.3099  11.7927  0.6226       0.8492      1.4120       0.8781           -0.4117           1.5485
hrv_Latn  1.0942   25.1775  9.8693   0.7494       1.0075      1.2103       0.3656           -0.5034           1.7405
vie_Latn  1.0491   24.1404  10.9681  0.6781       1.0269      1.3161       0.2881           -0.3796           1.6833
arb_Arab  1.0406   23.9448  9.2635   0.8017       0.9955      0.9394       -0.6065          -0.4942           1.7248
nya_Latn  1.0331   23.7713  11.9377  0.6086       0.7830      1.3858       0.8411           -0.4386           1.5010
tam_Taml  1.0248   23.5797  12.4317  0.5854       0.7546      1.3891       0.7653           -0.4168           1.4623
srp_Cyrl  1.0043   23.1083  10.8082  0.6790       0.9192      1.3521       0.7578           -0.4556           1.6358
eng_Latn  1.0000   23.0100  10.9144  0.6780       0.9735      1.3851       0.7900           -0.4377           1.6731
kat_Geor  0.9852   22.6690  12.2068  0.6001       0.8257      1.5011       1.1545           -0.3815           1.5104
tha_Thai  0.9776   22.4955  10.7248  0.6999       1.0716      1.2526       0.0887           -0.3795           1.7195
heb_Hebr  0.9731   22.3902  8.7355   0.8497       1.0971      0.8489       -0.7852          -0.5711           1.8567
amh_Ethi  0.9434   21.7081  7.8663   0.9748       1.6055      1.1122       -0.1994          -0.4337           2.1456
cmn_Hans  0.9255   21.2969  3.9730   2.3793       3.0629      0.0901       -1.4547          -0.5768           3.1080
kor_Hang  0.8957   20.6098  6.1331   1.3352       2.4514      1.0009       -0.3006          -0.3564           2.5788
jpn_Jpan  0.8559   19.6941  5.5674   1.5129       2.4909      0.7702       -0.6797          -0.3865           2.6282

# eng_Latn reference (cumulative_mono_0, t_6.4621, t_upper_bound): pps=23.0100	bpp=10.9144
