Language  Premium  PPS      BPP      EntropyTotal  EntropyMean  EntropyVar  EntropySkew  EntropyKurtosis  EntropyAutocorr1  EntropyVolatility
ita_Latn  1.1570   26.5918  11.0961  194783.8591   0.6621       0.8731      1.3087       0.5992           -0.4730           1.6037
ron_Latn  1.1362   26.1133  10.8348  191913.0711   0.6803       0.9307      1.3145       0.5906           -0.4576           1.6472
deu_Latn  1.1346   26.0772  11.2741  192299.0048   0.6561       0.9530      1.4971       1.2324           -0.4008           1.6340
spa_Latn  1.1282   25.9308  11.5412  190881.2981   0.6397       0.8771      1.3906       0.7740           -0.4361           1.5872
fin_Latn  1.1033   25.3571  10.5957  185328.0545   0.6919       0.8801      1.2118       0.3999           -0.5156           1.6334
fra_Latn  1.1005   25.2939  11.8002  185268.7550   0.6226       0.8492      1.4120       0.8781           -0.4117           1.5485
hrv_Latn  1.0964   25.1986  9.8610   185662.1941   0.7494       1.0075      1.2103       0.3656           -0.5034           1.7405
vie_Latn  1.0527   24.1956  10.9431  178992.1757   0.6781       1.0269      1.3161       0.2881           -0.3796           1.6833
cmn_Hans  1.0504   24.1424  3.5047   200714.2122   2.3793       3.0629      0.0901       -1.4547          -0.5768           3.1080
arb_Arab  1.0501   24.1354  9.1904   177300.5509   0.8017       0.9955      0.9394       -0.6065          -0.4942           1.7248
nya_Latn  1.0332   23.7482  11.9493  172185.9057   0.6086       0.7830      1.3858       0.8411           -0.4386           1.5010
tam_Taml  1.0249   23.5557  12.4444  171095.3419   0.5854       0.7546      1.3891       0.7653           -0.4168           1.4623
srp_Cyrl  1.0045   23.0883  10.8176  169074.5619   0.6790       0.9192      1.3521       0.7578           -0.4556           1.6358
eng_Latn  1.0000   22.9840  10.9268  169754.1380   0.6780       0.9735      1.3851       0.7900           -0.4377           1.6731
kat_Geor  0.9865   22.6740  12.2041  165571.0718   0.6001       0.8257      1.5011       1.1545           -0.3815           1.5104
tha_Thai  0.9814   22.5567  10.6957  168358.1961   0.6999       1.0716      1.2526       0.0887           -0.3795           1.7195
heb_Hebr  0.9769   22.4534  8.7109   165699.7326   0.8497       1.0971      0.8489       -0.7852          -0.5711           1.8567
amh_Ethi  0.9542   21.9318  7.7861   165964.0359   0.9748       1.6055      1.1122       -0.1994          -0.4337           2.1456
kor_Hang  0.9271   21.3079  5.9321   168262.2721   1.3352       2.4514      1.0009       -0.3006          -0.3564           2.5788
jpn_Jpan  0.9030   20.7543  5.2830   165382.2381   1.5129       2.4909      0.7702       -0.6797          -0.3865           2.6282

# eng_Latn reference (cumulative_nomono, t_6.4872, t_upper_bound): pps=22.9840	bpp=10.9268
