Language  Premium  PPS       BPP     EntropyMean  EntropyVar  EntropySkew  EntropyKurtosis  EntropyAutocorr1  EntropyVolatility
kat_Geor  3.7456   122.7553  3.0449  1.3694       1.9535      0.5694       -1.4568          -0.4103           2.3474
tam_Taml  3.5658   116.8636  3.4228  1.0296       0.9266      0.7842       -0.8247          -0.4460           1.6370
srp_Cyrl  3.1801   104.2227  2.1791  2.3646       1.5654      -0.0448      -1.7470          -0.6842           2.2962
amh_Ethi  2.8947   94.8676   2.3090  2.7971       0.7736      -0.4933      -0.8052          -0.1665           1.3434
tha_Thai  2.8346   92.8987   3.7411  0.9909       1.1738      1.1388       -0.2451          -0.3408           1.7742
heb_Hebr  2.4181   79.2497   2.2081  1.6378       1.5518      0.1202       -1.8717          -0.7842           2.3532
arb_Arab  2.1950   71.9358   2.7967  1.2928       0.4725      0.5239       -0.6872          -0.3667           1.1365
nya_Latn  1.8567   60.8516   2.3369  2.3123       0.5504      -0.6023      0.4802           0.1607            0.9612
vie_Latn  1.7011   55.7492   3.1452  1.3760       0.8855      0.4377       -0.8109          -0.0099           1.3374
kor_Hang  1.6985   55.6640   2.7194  1.7424       0.7243      0.1995       -0.5579          0.0416            1.1782
ron_Latn  1.6663   54.6088   2.7348  1.8004       0.7836      -0.0710      -0.5917          0.1168            1.1765
hrv_Latn  1.6266   53.3099   2.3919  2.2131       0.5256      -0.3455      0.2096           0.0804            0.9832
fin_Latn  1.5911   52.1454   2.6768  1.8263       0.6869      -0.0217      -0.2302          0.1402            1.0868
ita_Latn  1.5025   49.2427   3.0184  1.5139       0.7974      0.2478       -0.6839          0.1650            1.1540
jpn_Jpan  1.4759   48.3691   3.3188  1.2989       0.8976      0.6057       -0.4848          0.1327            1.2478
cmn_Hans  1.4741   48.3109   2.4344  1.9290       0.8844      -0.1378      -0.4529          0.0927            1.2668
fra_Latn  1.4507   47.5426   3.2610  1.3478       0.8843      0.3596       -0.8204          0.1848            1.2007
spa_Latn  1.4454   47.3711   3.2200  1.3485       0.9081      0.4388       -0.7899          0.1339            1.2542
deu_Latn  1.4399   47.1896   3.1656  1.3996       1.0343      0.5344       -0.5527          0.1303            1.3413
eng_Latn  1.0000   32.7733   3.8344  1.0874       1.0221      0.7462       -0.5605          0.1813            1.2937

# eng_Latn reference (cumulative_mono_rel0p25, t_2.4880, t_anchor): pps=32.7733	bpp=3.8344
