Language  Premium  PPS       BPP     EntropyTotal  EntropyMean  EntropyVar  EntropySkew  EntropyKurtosis  EntropyAutocorr1  EntropyVolatility
amh_Ethi  4.1631   136.3250  1.6068  610874.8469   2.7971       0.7736      -0.4933      -0.8052          -0.1665           1.3434
kat_Geor  3.8174   125.0050  2.9901  510315.7132   1.3694       1.9535      0.5694       -1.4568          -0.4103           2.3474
srp_Cyrl  3.5328   115.6871  1.9632  535434.5846   2.3646       1.5654      -0.0448      -1.7470          -0.6842           2.2962
tam_Taml  3.1182   102.1083  3.9174  410591.9961   1.0296       0.9266      0.7842       -0.8247          -0.4460           1.6370
tha_Thai  2.5668   84.0532   4.1348  343334.5682   0.9909       1.1738      1.1388       -0.2451          -0.3408           1.7742
heb_Hebr  2.3835   78.0502   2.2420  285743.7087   1.6378       1.5518      0.1202       -1.8717          -0.7842           2.3532
nya_Latn  2.1511   70.4393   2.0188  327824.8178   2.3123       0.5504      -0.6023      0.4802           0.1607            0.9612
arb_Arab  1.9991   65.4624   3.0732  259299.5504   1.2928       0.4725      0.5239       -0.6872          -0.3667           1.1365
hrv_Latn  1.9018   62.2778   2.0475  281346.1459   2.2131       0.5256      -0.3455      0.2096           0.0804            0.9832
ron_Latn  1.8819   61.6259   2.4234  268075.2308   1.8004       0.7836      -0.0710      -0.5917          0.1168            1.1765
kor_Hang  1.8353   60.0983   2.5187  262965.7502   1.7424       0.7243      0.1995       -0.5579          0.0416            1.1782
fin_Latn  1.8094   59.2508   2.3558  254162.9283   1.8263       0.6869      -0.0217      -0.2302          0.1402            1.0868
vie_Latn  1.7503   57.3149   3.0593  240549.1985   1.3760       0.8855      0.4377       -0.8109          -0.0099           1.3374
ita_Latn  1.6252   53.2197   2.7928  224338.2902   1.5139       0.7974      0.2478       -0.6839          0.1650            1.1540
cmn_Hans  1.5900   52.0672   2.2588  226179.7999   1.9290       0.8844      -0.1378      -0.4529          0.0927            1.2668
jpn_Jpan  1.5341   50.2367   3.1955  207891.0854   1.2989       0.8976      0.6057       -0.4848          0.1327            1.2478
fra_Latn  1.5186   49.7282   3.1177  208336.9512   1.3478       0.8843      0.3596       -0.8204          0.1848            1.2007
spa_Latn  1.5006   49.1394   3.1041  205080.7490   1.3485       0.9081      0.4388       -0.7899          0.1339            1.2542
deu_Latn  1.4870   48.6951   3.0677  208453.1885   1.3996       1.0343      0.5344       -0.5527          0.1303            1.3413
eng_Latn  1.0000   32.7462   3.8376  136244.2269   1.0874       1.0221      0.7462       -0.5605          0.1813            1.2937

# eng_Latn reference (cumulative_nomono, t_3.2397, t_anchor): pps=32.7462	bpp=3.8376
