Language  Premium  PPS      BPP     EntropyTotal  EntropyMean  EntropyVar  EntropySkew  EntropyKurtosis  EntropyAutocorr1  EntropyVolatility
srp_Cyrl  3.0215   69.5286  3.2665  531535.0945   4.2692       2.1046      -0.8072      0.7350           -0.0918           2.1437
amh_Ethi  2.9447   67.7603  3.2328  607093.0619   7.1318       6.3451      -0.9181      -0.4016          0.0168            3.5323
kat_Geor  2.9259   67.3270  5.5517  505769.8594   3.6665       2.6187      0.0035       1.6473           0.1253            2.1403
tam_Taml  2.7916   64.2367  6.2270  405138.9963   2.7725       0.8597      -0.8005      2.8260           0.0640            1.2686
nya_Latn  2.3051   53.0431  2.6809  327797.8872   2.3172       0.5490      -0.5515      0.6066           0.1596            0.9606
tha_Thai  2.2019   50.6690  6.8591  338027.1970   2.8106       1.3814      -0.2093      -0.2614          0.0248            1.6415
hrv_Latn  1.9650   45.2177  2.8200  281296.5473   2.2709       0.6257      0.2453       1.7305           0.0493            1.0907
ron_Latn  1.8969   43.6489  3.4215  267585.7230   1.8972       0.8676      0.3500       0.7610           0.0780            1.2649
fin_Latn  1.8206   41.8947  3.3318  254143.4586   1.8975       0.6573      0.1152       0.0837           0.1168            1.0775
arb_Arab  1.7904   41.1986  4.8832  256766.1327   2.3221       0.9188      -0.5752      -0.5525          -0.0971           1.4199
heb_Hebr  1.7499   40.2658  4.3458  282982.9591   2.9024       1.2304      -1.2362      0.2803           0.0412            1.5360
vie_Latn  1.6418   37.7803  4.6412  240345.0994   1.8209       1.7399      0.5799       -0.2388          -0.0255           1.8890
kor_Hang  1.6339   37.5968  4.0262  258338.9439   4.0999       5.0988      -0.2378      -1.3315          -0.0751           3.3110
ita_Latn  1.6336   37.5898  3.9541  224280.4172   1.5248       0.8107      0.3207       -0.3398          0.1456            1.1770
fra_Latn  1.5173   34.9157  4.4403  208269.6113   1.3998       0.9389      0.4382       -0.4129          0.1783            1.2422
deu_Latn  1.5134   34.8245  4.2896  208424.8818   1.4221       1.0609      0.5372       -0.4812          0.1285            1.3598
spa_Latn  1.4965   34.4353  4.4296  205053.9131   1.3745       0.9409      0.4520       -0.6823          0.1212            1.2860
cmn_Hans  1.2913   29.7131  3.9581  221170.8893   5.2436       4.3725      -0.3492      -0.9534          0.2771            2.5143
jpn_Jpan  1.2164   27.9900  5.7353  203307.8260   3.7196       3.6922      0.2437       -0.7277          0.1943            2.4391
eng_Latn  1.0000   23.0110  5.4612  136241.7787   1.0882       1.0243      0.7509       -0.5329          0.1819            1.2945

# eng_Latn reference (cumulative_nomono, t_5.0396, t_upper_bound): pps=23.0110	bpp=5.4612
