Language  Premium  PPS       BPP     EntropyMean  EntropyVar  EntropySkew  EntropyKurtosis  EntropyAutocorr1  EntropyVolatility
tam_Taml  5.3378   122.5396  3.2643  2.7725       0.8597      -0.8005      2.8260           0.0640            1.2686
kat_Geor  5.1841   119.0120  3.1407  3.6665       2.6187      0.0035       1.6473           0.1253            2.1403
srp_Cyrl  4.6900   107.6690  2.1094  4.2692       2.1046      -0.8072      0.7350           -0.0918           2.1437
tha_Thai  3.8141   87.5607   3.9692  2.8106       1.3814      -0.2093      -0.2614          0.0248            1.6415
nya_Latn  3.8037   87.3220   1.6285  2.3172       0.5490      -0.5515      0.6066           0.1596            0.9606
amh_Ethi  3.5364   81.1856   2.6982  7.1318       6.3451      -0.9181      -0.4016          0.0168            3.5323
heb_Hebr  3.4061   78.1946   2.2379  2.9024       1.2304      -1.2362      0.2803           0.0412            1.5360
arb_Arab  3.2317   74.1906   2.7117  2.3221       0.9188      -0.5752      -0.5525          -0.0971           1.4199
hrv_Latn  2.8687   65.8576   1.9362  2.2709       0.6257      0.2453       1.7305           0.0493            1.0907
vie_Latn  2.2533   51.7292   3.3897  1.8209       1.7399      0.5799       -0.2388          -0.0255           1.8890
ron_Latn  2.1409   49.1474   3.0387  1.8972       0.8676      0.3500       0.7610           0.0780            1.2649
fin_Latn  1.9495   44.7553   3.1188  1.8975       0.6573      0.1152       0.0837           0.1168            1.0775
kor_Hang  1.9187   44.0481   3.4365  4.0999       5.0988      -0.2378      -1.3315          -0.0751           3.3110
jpn_Jpan  1.8436   42.3230   3.7930  3.7196       3.6922      0.2437       -0.7277          0.1943            2.4391
cmn_Hans  1.6974   38.9659   3.0182  5.2436       4.3725      -0.3492      -0.9534          0.2771            2.5143
ita_Latn  1.5041   34.5306   4.3044  1.5248       0.8107      0.3207       -0.3398          0.1456            1.1770
spa_Latn  1.4849   34.0893   4.4746  1.3745       0.9409      0.4520       -0.6823          0.1212            1.2860
fra_Latn  1.4536   33.3711   4.6459  1.3998       0.9389      0.4382       -0.4129          0.1783            1.2422
deu_Latn  1.4515   33.3220   4.4831  1.4221       1.0609      0.5372       -0.4812          0.1285            1.3598
eng_Latn  1.0000   22.9569   5.4740  1.0882       1.0243      0.7509       -0.5329          0.1819            1.2945

# eng_Latn reference (raw_entropy, t_2.2134, t_upper_bound): pps=22.9569	bpp=5.4740
