Language  Premium  PPS      BPP     EntropyMean  EntropyVar  EntropySkew  EntropyKurtosis  EntropyAutocorr1  EntropyVolatility
srp_Cyrl  2.4899   57.2628  3.9662  4.2692       2.1046      -0.8072      0.7350           -0.0918           2.1437
kat_Geor  2.4053   55.3180  6.7569  3.6665       2.6187      0.0035       1.6473           0.1253            2.1403
tam_Taml  2.2657   52.1063  7.6766  2.7725       0.8597      -0.8005      2.8260           0.0640            1.2686
nya_Latn  2.0832   47.9087  2.9682  2.3172       0.5490      -0.5515      0.6066           0.1596            0.9606
amh_Ethi  2.0192   46.4383  4.7171  7.1318       6.3451      -0.9181      -0.4016          0.0168            3.5323
tha_Thai  1.9731   45.3781  7.6589  2.8106       1.3814      -0.2093      -0.2614          0.0248            1.6415
hrv_Latn  1.8300   42.0863  3.0298  2.2709       0.6257      0.2453       1.7305           0.0493            1.0907
ron_Latn  1.7788   40.9077  3.6508  1.8972       0.8676      0.3500       0.7610           0.0780            1.2649
fin_Latn  1.6870   38.7984  3.5977  1.8975       0.6573      0.1152       0.0837           0.1168            1.0775
vie_Latn  1.6132   37.1003  4.7262  1.8209       1.7399      0.5799       -0.2388          -0.0255           1.8890
heb_Hebr  1.6126   37.0863  4.7184  2.9024       1.2304      -1.2362      0.2803           0.0412            1.5360
ita_Latn  1.5471   35.5807  4.1774  1.5248       0.8107      0.3207       -0.3398          0.1456            1.1770
deu_Latn  1.4698   33.8034  4.4192  1.4221       1.0609      0.5372       -0.4812          0.1285            1.3598
arb_Arab  1.4585   33.5436  5.9975  2.3221       0.9188      -0.5752      -0.5525          -0.0971           1.4199
fra_Latn  1.4557   33.4784  4.6310  1.3998       0.9389      0.4382       -0.4129          0.1783            1.2422
spa_Latn  1.4439   33.2076  4.5934  1.3745       0.9409      0.4520       -0.6823          0.1212            1.2860
kor_Hang  1.0970   25.2297  5.9998  4.0999       5.0988      -0.2378      -1.3315          -0.0751           3.3110
jpn_Jpan  1.0287   23.6570  6.7857  3.7196       3.6922      0.2437       -0.7277          0.1943            2.4391
eng_Latn  1.0000   22.9980  5.4643  1.0882       1.0243      0.7509       -0.5329          0.1819            1.2945
cmn_Hans  0.8903   20.4744  5.7441  5.2436       4.3725      -0.3492      -0.9534          0.2771            2.5143

# eng_Latn reference (cumulative_mono_0, t_4.2984, t_upper_bound): pps=22.9980	bpp=5.4643
