Language  Premium  PPS      BPP     EntropyTotal  EntropyMean  EntropyVar  EntropySkew  EntropyKurtosis  EntropyAutocorr1  EntropyVolatility
srp_Cyrl  2.1357   49.0381  4.6314  531535.0945   4.2692       2.1046      -0.8072      0.7350           -0.0918           2.1437
tam_Taml  2.0131   46.2227  8.6538  405138.9963   2.7725       0.8597      -0.8005      2.8260           0.0640            1.2686
tha_Thai  1.8931   43.4664  7.9957  338027.1970   2.8106       1.3814      -0.2093      -0.2614          0.0248            1.6415
kat_Geor  1.8530   42.5456  8.7854  505769.8594   3.6665       2.6187      0.0035       1.6473           0.1253            2.1403
amh_Ethi  1.8400   42.2487  5.1848  607093.0619   7.1318       6.3451      -0.9181      -0.4016          0.0168            3.5323
nya_Latn  1.8395   42.2377  3.3667  327797.8872   2.3172       0.5490      -0.5515      0.6066           0.1596            0.9606
ron_Latn  1.7258   39.6269  3.7688  267585.7230   1.8972       0.8676      0.3500       0.7610           0.0780            1.2649
hrv_Latn  1.7080   39.2177  3.2514  281296.5473   2.2709       0.6257      0.2453       1.7305           0.0493            1.0907
vie_Latn  1.6840   38.6670  4.5347  240345.0994   1.8209       1.7399      0.5799       -0.2388          -0.0255           1.8890
fin_Latn  1.5979   36.6881  3.8046  254143.4586   1.8975       0.6573      0.1152       0.0837           0.1168            1.0775
ita_Latn  1.5273   35.0672  4.2385  224280.4172   1.5248       0.8107      0.3207       -0.3398          0.1456            1.1770
deu_Latn  1.4542   33.3892  4.4740  208424.8818   1.4221       1.0609      0.5372       -0.4812          0.1285            1.3598
spa_Latn  1.4534   33.3721  4.5708  205053.9131   1.3745       0.9409      0.4520       -0.6823          0.1212            1.2860
fra_Latn  1.4524   33.3480  4.6491  208269.6113   1.3998       0.9389      0.4382       -0.4129          0.1783            1.2422
arb_Arab  1.3847   31.7944  6.3275  256766.1327   2.3221       0.9188      -0.5752      -0.5525          -0.0971           1.4199
heb_Hebr  1.0494   24.0943  7.2627  282982.9591   2.9024       1.2304      -1.2362      0.2803           0.0412            1.5360
kor_Hang  1.0082   23.1484  6.5392  258338.9439   4.0999       5.0988      -0.2378      -1.3315          -0.0751           3.3110
eng_Latn  1.0000   22.9609  5.4731  136241.7787   1.0882       1.0243      0.7509       -0.5329          0.1819            1.2945
jpn_Jpan  0.9875   22.6750  7.0796  203307.8260   3.7196       3.6922      0.2437       -0.7277          0.1943            2.4391
cmn_Hans  0.8189   18.8034  6.2545  221170.8893   5.2436       4.3725      -0.3492      -0.9534          0.2771            2.5143

# eng_Latn reference (cumulative_mono_rel0p25, t_3.9385, t_upper_bound): pps=22.9609	bpp=5.4731
