Language  Premium  PPS      BPP      EntropyMean  EntropyVar  EntropySkew  EntropyKurtosis  EntropyAutocorr1  EntropyVolatility
vie_Latn  1.7680   40.6158  4.3172   1.8209       1.7399      0.5799       -0.2388          -0.0255           1.8890
amh_Ethi  1.3292   30.5346  7.1739   7.1318       6.3451      -0.9181      -0.4016          0.0168            3.5323
srp_Cyrl  1.3239   30.4142  7.4674   4.2692       2.1046      -0.8072      0.7350           -0.0918           2.1437
deu_Latn  1.2838   29.4915  5.0653   1.4221       1.0609      0.5372       -0.4812          0.1285            1.3598
spa_Latn  1.2120   27.8435  5.4783   1.3745       0.9409      0.4520       -0.6823          0.1212            1.2860
tha_Thai  1.2058   27.7011  12.5462  2.8106       1.3814      -0.2093      -0.2614          0.0248            1.6415
fra_Latn  1.1685   26.8445  5.7754   1.3998       0.9389      0.4382       -0.4129          0.1783            1.2422
arb_Arab  1.1487   26.3892  7.6236   2.3221       0.9188      -0.5752      -0.5525          -0.0971           1.4199
ron_Latn  1.1104   25.5085  5.8547   1.8972       0.8676      0.3500       0.7610           0.0780            1.2649
ita_Latn  1.0765   24.7302  6.0102   1.5248       0.8107      0.3207       -0.3398          0.1456            1.1770
tam_Taml  1.0386   23.8596  16.7648  2.7725       0.8597      -0.8005      2.8260           0.0640            1.2686
eng_Latn  1.0000   22.9729  5.4702   1.0882       1.0243      0.7509       -0.5329          0.1819            1.2945
kat_Geor  0.9846   22.6189  16.5251  3.6665       2.6187      0.0035       1.6473           0.1253            2.1403
fin_Latn  0.8534   19.6058  7.1195   1.8975       0.6573      0.1152       0.0837           0.1168            1.0775
kor_Hang  0.8135   18.6891  8.0995   4.0999       5.0988      -0.2378      -1.3315          -0.0751           3.3110
jpn_Jpan  0.7911   18.1735  8.8332   3.7196       3.6922      0.2437       -0.7277          0.1943            2.4391
heb_Hebr  0.7874   18.0883  9.6742   2.9024       1.2304      -1.2362      0.2803           0.0412            1.5360
hrv_Latn  0.7651   17.5757  7.2550   2.2709       0.6257      0.2453       1.7305           0.0493            1.0907
nya_Latn  0.6629   15.2277  9.3385   2.3172       0.5490      -0.5515      0.6066           0.1596            0.9606
cmn_Hans  0.6160   14.1505  8.3112   5.2436       4.3725      -0.3492      -0.9534          0.2771            2.5143

# eng_Latn reference (raw_monotonicity, t_1.1486, t_upper_bound): pps=22.9729	bpp=5.4702
