Language  Premium  PPS      BPP     EntropyTotal  EntropyMean  EntropyVar  EntropySkew  EntropyKurtosis  EntropyAutocorr1  EntropyVolatility
nya_Latn  1.8537   60.8315  2.3377  327797.8872   2.3172       0.5490      -0.5515      0.6066           0.1596            0.9606
tam_Taml  1.8307   60.0772  6.6581  405138.9963   2.7725       0.8597      -0.8005      2.8260           0.0640            1.2686
vie_Latn  1.6445   53.9659  3.2492  240345.0994   1.8209       1.7399      0.5799       -0.2388          -0.0255           1.8890
srp_Cyrl  1.6285   53.4403  4.2499  531535.0945   4.2692       2.1046      -0.8072      0.7350           -0.0918           2.1437
tha_Thai  1.6239   53.2919  6.5215  338027.1970   2.8106       1.3814      -0.2093      -0.2614          0.0248            1.6415
ron_Latn  1.6154   53.0120  2.8172  267585.7230   1.8972       0.8676      0.3500       0.7610           0.0780            1.2649
hrv_Latn  1.5874   52.0933  2.4478  281296.5473   2.2709       0.6257      0.2453       1.7305           0.0493            1.0907
kat_Geor  1.5653   51.3691  7.2763  505769.8594   3.6665       2.6187      0.0035       1.6473           0.1253            2.1403
fin_Latn  1.5569   51.0913  2.7320  254143.4586   1.8975       0.6573      0.1152       0.0837           0.1168            1.0775
ita_Latn  1.5010   49.2568  3.0175  224280.4172   1.5248       0.8107      0.3207       -0.3398          0.1456            1.1770
spa_Latn  1.4404   47.2698  3.2269  205053.9131   1.3745       0.9409      0.4520       -0.6823          0.1212            1.2860
deu_Latn  1.4303   46.9388  3.1825  208424.8818   1.4221       1.0609      0.5372       -0.4812          0.1285            1.3598
heb_Hebr  1.4245   46.7482  3.7432  282982.9591   2.9024       1.2304      -1.2362      0.2803           0.0412            1.5360
fra_Latn  1.4244   46.7442  3.3167  208269.6113   1.3998       0.9389      0.4382       -0.4129          0.1783            1.2422
arb_Arab  1.4142   46.4102  4.3348  256766.1327   2.3221       0.9188      -0.5752      -0.5525          -0.0971           1.4199
amh_Ethi  1.3573   44.5416  4.9179  607093.0619   7.1318       6.3451      -0.9181      -0.4016          0.0168            3.5323
eng_Latn  1.0000   32.8164  3.8294  136241.7787   1.0882       1.0243      0.7509       -0.5329          0.1819            1.2945
jpn_Jpan  0.7736   25.3862  6.3235  203307.8260   3.7196       3.6922      0.2437       -0.7277          0.1943            2.4391
kor_Hang  0.7559   24.8044  6.1026  258338.9439   4.0999       5.0988      -0.2378      -1.3315          -0.0751           3.3110
cmn_Hans  0.6138   20.1434  5.8385  221170.8893   5.2436       4.3725      -0.3492      -0.9534          0.2771            2.5143

# eng_Latn reference (cumulative_mono_rel0p25, t_2.4774, t_anchor): pps=32.8164	bpp=3.8294
