Language  Premium  PPS       BPP     EntropyTotal  EntropyMean  EntropyVar  EntropySkew  EntropyKurtosis  EntropyAutocorr1  EntropyVolatility
kat_Geor  3.4557   113.1354  3.3038  505769.8594   3.6665       2.6187      0.0035       1.6473           0.1253            2.1403
srp_Cyrl  3.2454   106.2508  2.1376  531535.0945   4.2692       2.1046      -0.8072      0.7350           -0.0918           2.1437
tam_Taml  2.5225   82.5848   4.8435  405138.9963   2.7725       0.8597      -0.8005      2.8260           0.0640            1.2686
heb_Hebr  2.3213   75.9960   2.3026  282982.9591   2.9024       1.2304      -1.2362      0.2803           0.0412            1.5360
amh_Ethi  2.3073   75.5376   2.8999  607093.0619   7.1318       6.3451      -0.9181      -0.4016          0.0168            3.5323
tha_Thai  2.1624   70.7964   4.9091  338027.1970   2.8106       1.3814      -0.2093      -0.2614          0.0248            1.6415
nya_Latn  2.1512   70.4283   2.0191  327797.8872   2.3172       0.5490      -0.5515      0.6066           0.1596            0.9606
hrv_Latn  1.8818   61.6078   2.0697  281296.5473   2.2709       0.6257      0.2453       1.7305           0.0493            1.0907
ron_Latn  1.8562   60.7693   2.4576  267585.7230   1.8972       0.8676      0.3500       0.7610           0.0780            1.2649
fin_Latn  1.8038   59.0552   2.3636  254143.4586   1.8975       0.6573      0.1152       0.0837           0.1168            1.0775
arb_Arab  1.7095   55.9669   3.5946  256766.1327   2.3221       0.9188      -0.5752      -0.5525          -0.0971           1.4199
vie_Latn  1.6423   53.7683   3.2611  240345.0994   1.8209       1.7399      0.5799       -0.2388          -0.0255           1.8890
ita_Latn  1.6220   53.1043   2.7989  224280.4172   1.5248       0.8107      0.3207       -0.3398          0.1456            1.1770
fra_Latn  1.5073   49.3490   3.1417  208269.6113   1.3998       0.9389      0.4382       -0.4129          0.1783            1.2422
spa_Latn  1.4962   48.9850   3.1139  205053.9131   1.3745       0.9409      0.4520       -0.6823          0.1212            1.2860
deu_Latn  1.4833   48.5627   3.0761  208424.8818   1.4221       1.0609      0.5372       -0.4812          0.1285            1.3598
kor_Hang  1.3361   43.7422   3.4605  258338.9439   4.0999       5.0988      -0.2378      -1.3315          -0.0751           3.3110
jpn_Jpan  1.1460   37.5176   4.2788  203307.8260   3.7196       3.6922      0.2437       -0.7277          0.1943            2.4391
cmn_Hans  1.0835   35.4744   3.3153  221170.8893   5.2436       4.3725      -0.3492      -0.9534          0.2771            2.5143
eng_Latn  1.0000   32.7392   3.8384  136241.7787   1.0882       1.0243      0.7509       -0.5329          0.1819            1.2945

# eng_Latn reference (cumulative_nomono, t_3.2397, t_anchor): pps=32.7392	bpp=3.8384
