Language  Premium  PPS      BPP     EntropyTotal  EntropyMean  EntropyVar  EntropySkew  EntropyKurtosis  EntropyAutocorr1  EntropyVolatility
tam_Taml  2.0577   67.4473  5.9306  405138.9963   2.7725       0.8597      -0.8005      2.8260           0.0640            1.2686
nya_Latn  1.9834   65.0130  2.1873  327797.8872   2.3172       0.5490      -0.5515      0.6066           0.1596            0.9606
heb_Hebr  1.9707   64.5968  2.7089  282982.9591   2.9024       1.2304      -1.2362      0.2803           0.0412            1.5360
kat_Geor  1.8483   60.5838  6.1696  505769.8594   3.6665       2.6187      0.0035       1.6473           0.1253            2.1403
srp_Cyrl  1.7664   57.8987  3.9227  531535.0945   4.2692       2.1046      -0.8072      0.7350           -0.0918           2.1437
tha_Thai  1.7181   56.3170  6.1712  338027.1970   2.8106       1.3814      -0.2093      -0.2614          0.0248            1.6415
ron_Latn  1.6720   54.8044  2.7250  267585.7230   1.8972       0.8676      0.3500       0.7610           0.0780            1.2649
vie_Latn  1.6714   54.7864  3.2005  240345.0994   1.8209       1.7399      0.5799       -0.2388          -0.0255           1.8890
hrv_Latn  1.6618   54.4694  2.3410  281296.5473   2.2709       0.6257      0.2453       1.7305           0.0493            1.0907
fin_Latn  1.6128   52.8636  2.6405  254143.4586   1.8975       0.6573      0.1152       0.0837           0.1168            1.0775
arb_Arab  1.5444   50.6219  3.9742  256766.1327   2.3221       0.9188      -0.5752      -0.5525          -0.0971           1.4199
ita_Latn  1.5308   50.1755  2.9623  224280.4172   1.5248       0.8107      0.3207       -0.3398          0.1456            1.1770
spa_Latn  1.4537   47.6499  3.2012  205053.9131   1.3745       0.9409      0.4520       -0.6823          0.1212            1.2860
fra_Latn  1.4380   47.1354  3.2892  208269.6113   1.3998       0.9389      0.4382       -0.4129          0.1783            1.2422
deu_Latn  1.4352   47.0421  3.1755  208424.8818   1.4221       1.0609      0.5372       -0.4812          0.1285            1.3598
amh_Ethi  1.4215   46.5948  4.7012  607093.0619   7.1318       6.3451      -0.9181      -0.4016          0.0168            3.5323
eng_Latn  1.0000   32.7783  3.8338  136241.7787   1.0882       1.0243      0.7509       -0.5329          0.1819            1.2945
jpn_Jpan  0.7994   26.2036  6.1262  203307.8260   3.7196       3.6922      0.2437       -0.7277          0.1943            2.4391
kor_Hang  0.7898   25.8897  5.8468  258338.9439   4.0999       5.0988      -0.2378      -1.3315          -0.0751           3.3110
cmn_Hans  0.6425   21.0602  5.5843  221170.8893   5.2436       4.3725      -0.3492      -0.9534          0.2771            2.5143

# eng_Latn reference (cumulative_mono_0, t_2.7104, t_anchor): pps=32.7783	bpp=3.8338
