Language  Premium  PPS       BPP     EntropyMean  EntropyVar  EntropySkew  EntropyKurtosis  EntropyAutocorr1  EntropyVolatility
tam_Taml  3.9017   127.8997  3.1275  2.7725       0.8597      -0.8005      2.8260           0.0640            1.2686
kat_Geor  3.6644   120.1194  3.1117  3.6665       2.6187      0.0035       1.6473           0.1253            2.1403
nya_Latn  3.5303   115.7232  1.2288  2.3172       0.5490      -0.5515      0.6066           0.1596            0.9606
srp_Cyrl  3.3505   109.8305  2.0679  4.2692       2.1046      -0.8072      0.7350           -0.0918           2.1437
hrv_Latn  2.9786   97.6389   1.3060  2.2709       0.6257      0.2453       1.7305           0.0493            1.0907
tha_Thai  2.9751   97.5256   3.5636  2.8106       1.3814      -0.2093      -0.2614          0.0248            1.6415
amh_Ethi  2.5421   83.3320   2.6287  7.1318       6.3451      -0.9181      -0.4016          0.0168            3.5323
ron_Latn  2.4891   81.5928   1.8304  1.8972       0.8676      0.3500       0.7610           0.0780            1.2649
arb_Arab  2.4710   81.0010   2.4837  2.3221       0.9188      -0.5752      -0.5525          -0.0971           1.4199
fin_Latn  2.4486   80.2668   1.7390  1.8975       0.6573      0.1152       0.0837           0.1168            1.0775
heb_Hebr  2.3985   78.6239   2.2256  2.9024       1.2304      -1.2362      0.2803           0.0412            1.5360
vie_Latn  1.9130   62.7091   2.7962  1.8209       1.7399      0.5799       -0.2388          -0.0255           1.8890
ita_Latn  1.7424   57.1174   2.6023  1.5248       0.8107      0.3207       -0.3398          0.1456            1.1770
fra_Latn  1.5894   52.1023   2.9756  1.3998       0.9389      0.4382       -0.4129          0.1783            1.2422
deu_Latn  1.5400   50.4814   2.9592  1.4221       1.0609      0.5372       -0.4812          0.1285            1.3598
spa_Latn  1.5284   50.1023   3.0445  1.3745       0.9409      0.4520       -0.6823          0.1212            1.2860
kor_Hang  1.4427   47.2919   3.2008  4.0999       5.0988      -0.2378      -1.3315          -0.0751           3.3110
jpn_Jpan  1.4029   45.9890   3.4906  3.7196       3.6922      0.2437       -0.7277          0.1943            2.4391
cmn_Hans  1.2367   40.5396   2.9010  5.2436       4.3725      -0.3492      -0.9534          0.2771            2.5143
eng_Latn  1.0000   32.7803   3.8336  1.0882       1.0243      0.7509       -0.5329          0.1819            1.2945

# eng_Latn reference (raw_entropy, t_1.7488, t_anchor): pps=32.7803	bpp=3.8336
