Language  Premium  PPS      BPP      EntropyMean  EntropyVar  EntropySkew  EntropyKurtosis  EntropyAutocorr1  EntropyVolatility
vie_Latn  1.5297   50.1143  3.4989   1.8209       1.7399      0.5799       -0.2388          -0.0255           1.8890
deu_Latn  1.3553   44.4012  3.3644   1.4221       1.0609      0.5372       -0.4812          0.1285            1.3598
spa_Latn  1.3366   43.7864  3.4836   1.3745       0.9409      0.4520       -0.6823          0.1212            1.2860
ron_Latn  1.3159   43.1103  3.4642   1.8972       0.8676      0.3500       0.7610           0.0780            1.2649
fra_Latn  1.3031   42.6891  3.6318   1.3998       0.9389      0.4382       -0.4129          0.1783            1.2422
ita_Latn  1.2921   42.3300  3.5113   1.5248       0.8107      0.3207       -0.3398          0.1456            1.1770
srp_Cyrl  1.2835   42.0471  5.4015   4.2692       2.1046      -0.8072      0.7350           -0.0918           2.1437
tha_Thai  1.2763   41.8104  8.3124   2.8106       1.3814      -0.2093      -0.2614          0.0248            1.6415
tam_Taml  1.2439   40.7503  9.8159   2.7725       0.8597      -0.8005      2.8260           0.0640            1.2686
nya_Latn  1.2122   39.7121  3.5809   2.3172       0.5490      -0.5515      0.6066           0.1596            0.9606
amh_Ethi  1.1728   38.4203  5.7015   7.1318       6.3451      -0.9181      -0.4016          0.0168            3.5323
hrv_Latn  1.1643   38.1434  3.3430   2.2709       0.6257      0.2453       1.7305           0.0493            1.0907
fin_Latn  1.1568   37.8967  3.6833   1.8975       0.6573      0.1152       0.0837           0.1168            1.0775
arb_Arab  1.0613   34.7673  5.7865   2.3221       0.9188      -0.5752      -0.5525          -0.0971           1.4199
eng_Latn  1.0000   32.7603  3.8360   1.0882       1.0243      0.7509       -0.5329          0.1819            1.2945
kat_Geor  0.9907   32.4544  11.5171  3.6665       2.6187      0.0035       1.6473           0.1253            2.1403
jpn_Jpan  0.6871   22.5085  7.1319   3.7196       3.6922      0.2437       -0.7277          0.1943            2.4391
kor_Hang  0.6691   21.9198  6.9057   4.0999       5.0988      -0.2378      -1.3315          -0.0751           3.3110
heb_Hebr  0.6565   21.5065  8.1366   2.9024       1.2304      -1.2362      0.2803           0.0412            1.5360
cmn_Hans  0.5363   17.5687  6.6941   5.2436       4.3725      -0.3492      -0.9534          0.2771            2.5143

# eng_Latn reference (raw_monotonicity, t_0.5552, t_anchor): pps=32.7603	bpp=3.8360
