Language  Premium  PPS      BPP     EntropyMean  EntropyVar  EntropySkew  EntropyKurtosis  EntropyAutocorr1  EntropyVolatility
nya_Latn  1.6696   54.7603  2.5968  2.3172       0.5490      -0.5515      0.6066           0.1596            0.9606
tam_Taml  1.6117   52.8616  7.5670  2.7725       0.8597      -0.8005      2.8260           0.0640            1.2686
vie_Latn  1.6036   52.5958  3.3338  1.8209       1.7399      0.5799       -0.2388          -0.0255           1.8890
ron_Latn  1.5475   50.7563  2.9424  1.8972       0.8676      0.3500       0.7610           0.0780            1.2649
tha_Thai  1.5139   49.6520  6.9996  2.8106       1.3814      -0.2093      -0.2614          0.0248            1.6415
srp_Cyrl  1.5115   49.5747  4.5813  4.2692       2.1046      -0.8072      0.7350           -0.0918           2.1437
hrv_Latn  1.4728   48.3069  2.6396  2.2709       0.6257      0.2453       1.7305           0.0493            1.0907
fin_Latn  1.4605   47.9017  2.9140  1.8975       0.6573      0.1152       0.0837           0.1168            1.0775
ita_Latn  1.4491   47.5296  3.1272  1.5248       0.8107      0.3207       -0.3398          0.1456            1.1770
deu_Latn  1.4196   46.5597  3.2084  1.4221       1.0609      0.5372       -0.4812          0.1285            1.3598
spa_Latn  1.4151   46.4132  3.2865  1.3745       0.9409      0.4520       -0.6823          0.1212            1.2860
fra_Latn  1.3887   45.5456  3.4040  1.3998       0.9389      0.4382       -0.4129          0.1783            1.2422
kat_Geor  1.3243   43.4363  8.6052  3.6665       2.6187      0.0035       1.6473           0.1253            2.1403
amh_Ethi  1.2958   42.4995  5.1543  7.1318       6.3451      -0.9181      -0.4016          0.0168            3.5323
arb_Arab  1.2813   42.0241  4.7872  2.3221       0.9188      -0.5752      -0.5525          -0.0971           1.4199
eng_Latn  1.0000   32.7984  3.8315  1.0882       1.0243      0.7509       -0.5329          0.1819            1.2945
heb_Hebr  0.9117   29.9037  5.8517  2.9024       1.2304      -1.2362      0.2803           0.0412            1.5360
jpn_Jpan  0.7452   24.4403  6.5682  3.7196       3.6922      0.2437       -0.7277          0.1943            2.4391
kor_Hang  0.7270   23.8445  6.3483  4.0999       5.0988      -0.2378      -1.3315          -0.0751           3.3110
cmn_Hans  0.5881   19.2899  6.0968  5.2436       4.3725      -0.3492      -0.9534          0.2771            2.5143

# eng_Latn reference (cumulative_mono_rel0p5, t_2.1810, t_anchor): pps=32.7984	bpp=3.8315
