Language  Premium  PPS      BPP      EntropyMean  EntropyVar  EntropySkew  EntropyKurtosis  EntropyAutocorr1  EntropyVolatility
vie_Latn  1.4111   40.8114  6.4877   1.3526       1.2955      0.3905       -1.0770          0.1074            1.5208
arb_Arab  1.3781   39.8566  5.5653   1.5898       1.0216      0.0771       -0.9501          0.1476            1.3197
heb_Hebr  1.3452   38.9037  5.0275   1.6889       0.9446      -0.0283      -0.7547          0.2923            1.1562
cmn_Hans  1.3308   38.4875  2.1984   4.7224       2.9339      -0.3714      -0.2650          0.1577            2.2231
tha_Thai  1.3194   38.1585  6.3226   1.3909       1.3309      0.2855       -1.2530          0.0587            1.5828
amh_Ethi  1.2814   37.0592  4.6078   1.9360       1.8721      0.3281       -0.9942          0.1854            1.7464
kor_Hang  1.2605   36.4534  3.4675   2.6469       3.4615      0.3300       -0.9331          -0.0125           2.6475
jpn_Jpan  1.2076   34.9258  3.1394   2.9986       3.4154      0.3087       -0.7221          0.1681            2.3839
spa_Latn  1.1130   32.1876  9.2977   1.2754       0.9936      0.5414       -0.7345          0.1400            1.3073
ron_Latn  1.0805   31.2487  9.0542   1.3556       1.0122      0.5101       -0.5841          0.1627            1.3020
deu_Latn  1.0723   31.0120  9.4801   1.3080       1.1640      0.6895       -0.4118          0.1296            1.4235
ita_Latn  1.0655   30.8164  9.5749   1.3201       0.9239      0.5082       -0.5873          0.1761            1.2339
hrv_Latn  1.0561   30.5426  8.1356   1.4946       1.0147      0.5284       -0.3542          0.1490            1.3141
fra_Latn  1.0373   29.9990  9.9494   1.2414       1.0006      0.6122       -0.3257          0.2054            1.2610
eng_Latn  1.0000   28.9208  8.6838   1.3522       1.1022      0.5492       -0.6706          0.1478            1.3707
tam_Taml  0.9875   28.5607  10.2636  1.1658       0.8753      0.5618       -0.4043          0.3556            1.0622
nya_Latn  0.9711   28.0843  10.1044  1.2146       0.8825      0.5576       -0.5442          0.2999            1.1116
srp_Cyrl  0.9510   27.5045  9.0807   1.3481       0.9955      0.6123       -0.3927          0.0993            1.3391
kat_Geor  0.9422   27.2487  10.1552  1.1931       1.0231      0.6756       -0.4913          0.2436            1.2441
fin_Latn  0.8862   25.6289  10.4833  1.3803       0.8533      0.4588       -0.4260          0.2216            1.1525

# eng_Latn reference (raw_entropy, t_2.1946, t_midpoint): pps=28.9208	bpp=8.6838
