Language  Premium  PPS      BPP      EntropyTotal  EntropyMean  EntropyVar  EntropySkew  EntropyKurtosis  EntropyAutocorr1  EntropyVolatility
ita_Latn  1.1548   32.1324  9.1828   194175.9040   1.3201       0.9239      0.5082       -0.5873          0.1761            1.2339
deu_Latn  1.1490   31.9719  9.1955   191702.1687   1.3080       1.1640      0.6895       -0.4118          0.1296            1.4235
spa_Latn  1.1371   31.6399  9.4587   190279.3968   1.2754       0.9936      0.5414       -0.7345          0.1400            1.3073
ron_Latn  1.1268   31.3531  9.0241   191203.1694   1.3556       1.0122      0.5101       -0.5841          0.1627            1.3020
fra_Latn  1.0945   30.4554  9.8004   184699.2607   1.2414       1.0006      0.6122       -0.3257          0.2054            1.2610
fin_Latn  1.0871   30.2487  8.8822   184868.8117   1.3803       0.8533      0.4588       -0.4260          0.2216            1.1525
hrv_Latn  1.0828   30.1284  8.2475   185133.5537   1.4946       1.0147      0.5284       -0.3542          0.1490            1.3141
nya_Latn  1.0546   29.3450  9.6703   171819.9034   1.2146       0.8825      0.5576       -0.5442          0.2999            1.1116
vie_Latn  1.0542   29.3350  9.0259   178526.7539   1.3526       1.2955      0.3905       -1.0770          0.1074            1.5208
tam_Taml  1.0133   28.1946  10.3969  170359.7088   1.1658       0.8753      0.5618       -0.4043          0.3556            1.0622
kat_Geor  1.0051   27.9669  9.8944   164574.3012   1.1931       1.0231      0.6756       -0.4913          0.2436            1.2441
eng_Latn  1.0000   27.8255  9.0256   169284.8147   1.3522       1.1022      0.5492       -0.6706          0.1478            1.3707
srp_Cyrl  1.0000   27.8255  8.9759   167849.9912   1.3481       0.9955      0.6123       -0.3927          0.0993            1.3391
arb_Arab  0.9732   27.0802  8.1910   175795.2549   1.5898       1.0216      0.0771       -0.9501          0.1476            1.3197
tha_Thai  0.9530   26.5186  9.0978   167275.9229   1.3909       1.3309      0.2855       -1.2530          0.0587            1.5828
heb_Hebr  0.8861   24.6550  7.9330   164668.6045   1.6889       0.9446      -0.0283      -0.7547          0.2923            1.1562
amh_Ethi  0.8517   23.6981  7.2057   164804.0627   1.9360       1.8721      0.3281       -0.9942          0.1854            1.7464
jpn_Jpan  0.7875   21.9117  5.0039   163896.9610   2.9986       3.4154      0.3087       -0.7221          0.1681            2.3839
cmn_Hans  0.7620   21.2036  3.9904   199184.9589   4.7224       2.9339      -0.3714      -0.2650          0.1577            2.2231
kor_Hang  0.7591   21.1214  5.9845   166783.4383   2.6469       3.4615      0.3300       -0.9331          -0.0125           2.6475

# eng_Latn reference (cumulative_mono_0, t_4.2127, t_midpoint): pps=27.8255	bpp=9.0256
