Language  Premium  PPS      BPP      EntropyTotal  EntropyMean  EntropyVar  EntropySkew  EntropyKurtosis  EntropyAutocorr1  EntropyVolatility
deu_Latn  1.1519   32.1133  9.1550   191702.1687   1.3080       1.1640      0.6895       -0.4118          0.1296            1.4235
ita_Latn  1.1495   32.0461  9.2075   194175.9040   1.3201       0.9239      0.5082       -0.5873          0.1761            1.2339
spa_Latn  1.1429   31.8616  9.3929   190279.3968   1.2754       0.9936      0.5414       -0.7345          0.1400            1.3073
ron_Latn  1.1238   31.3280  9.0313   191203.1694   1.3556       1.0122      0.5101       -0.5841          0.1627            1.3020
fra_Latn  1.1043   30.7864  9.6950   184699.2607   1.2414       1.0006      0.6122       -0.3257          0.2054            1.2610
hrv_Latn  1.0826   30.1815  8.2330   185133.5537   1.4946       1.0147      0.5284       -0.3542          0.1490            1.3141
fin_Latn  1.0705   29.8425  9.0031   184868.8117   1.3803       0.8533      0.4588       -0.4260          0.2216            1.1525
vie_Latn  1.0631   29.6379  8.9336   178526.7539   1.3526       1.2955      0.3905       -1.0770          0.1074            1.5208
nya_Latn  1.0502   29.2778  9.6925   171819.9034   1.2146       0.8825      0.5576       -0.5442          0.2999            1.1116
kat_Geor  1.0173   28.3591  9.7576   164574.3012   1.1931       1.0231      0.6756       -0.4913          0.2436            1.2441
srp_Cyrl  1.0030   27.9609  8.9325   167849.9912   1.3481       0.9955      0.6123       -0.3927          0.0993            1.3391
eng_Latn  1.0000   27.8776  9.0087   169284.8147   1.3522       1.1022      0.5492       -0.6706          0.1478            1.3707
tam_Taml  0.9975   27.8084  10.5412  170359.7088   1.1658       0.8753      0.5618       -0.4043          0.3556            1.0622
tha_Thai  0.9777   27.2568  8.8514   167275.9229   1.3909       1.3309      0.2855       -1.2530          0.0587            1.5828
arb_Arab  0.9151   25.5095  8.6953   175795.2549   1.5898       1.0216      0.0771       -0.9501          0.1476            1.3197
amh_Ethi  0.8678   24.1926  7.0585   164804.0627   1.9360       1.8721      0.3281       -0.9942          0.1854            1.7464
heb_Hebr  0.8096   22.5697  8.6660   164668.6045   1.6889       0.9446      -0.0283      -0.7547          0.2923            1.1562
jpn_Jpan  0.7734   21.5597  5.0856   163896.9610   2.9986       3.4154      0.3087       -0.7221          0.1681            2.3839
kor_Hang  0.7296   20.3390  6.2147   166783.4383   2.6469       3.4615      0.3300       -0.9331          -0.0125           2.6475
cmn_Hans  0.7124   19.8596  4.2605   199184.9589   4.7224       2.9339      -0.3714      -0.2650          0.1577            2.2231

# eng_Latn reference (cumulative_mono_rel0p25, t_3.8925, t_midpoint): pps=27.8776	bpp=9.0087
