Language  Premium  PPS      BPP      EntropyMean  EntropyVar  EntropySkew  EntropyKurtosis  EntropyAutocorr1  EntropyVolatility
deu_Latn  1.1853   33.7051  8.7227   1.3080       1.1640      0.6895       -0.4118          0.1296            1.4235
vie_Latn  1.1456   32.5747  8.1282   1.3526       1.2955      0.3905       -1.0770          0.1074            1.5208
tha_Thai  1.1233   31.9418  7.5531   1.3909       1.3309      0.2855       -1.2530          0.0587            1.5828
spa_Latn  1.1074   31.4895  9.5039   1.2754       0.9936      0.5414       -0.7345          0.1400            1.3073
ron_Latn  1.0689   30.3932  9.3091   1.3556       1.0122      0.5101       -0.5841          0.1627            1.3020
fra_Latn  1.0637   30.2457  9.8683   1.2414       1.0006      0.6122       -0.3257          0.2054            1.2610
kat_Geor  1.0531   29.9438  9.2412   1.1931       1.0231      0.6756       -0.4913          0.2436            1.2441
nya_Latn  1.0504   29.8686  9.5008   1.2146       0.8825      0.5576       -0.5442          0.2999            1.1116
ita_Latn  1.0308   29.3119  10.0664  1.3201       0.9239      0.5082       -0.5873          0.1761            1.2339
eng_Latn  1.0000   28.4353  8.8320   1.3522       1.1022      0.5492       -0.6706          0.1478            1.3707
srp_Cyrl  0.9888   28.1174  8.8827   1.3481       0.9955      0.6123       -0.3927          0.0993            1.3391
hrv_Latn  0.9826   27.9398  8.8935   1.4946       1.0147      0.5284       -0.3542          0.1490            1.3141
tam_Taml  0.9702   27.5878  10.6256  1.1658       0.8753      0.5618       -0.4043          0.3556            1.0622
fin_Latn  0.9296   26.4333  10.1643  1.3803       0.8533      0.4588       -0.4260          0.2216            1.1525
arb_Arab  0.9096   25.8636  8.5763   1.5898       1.0216      0.0771       -0.9501          0.1476            1.3197
amh_Ethi  0.7709   21.9208  7.7900   1.9360       1.8721      0.3281       -0.9942          0.1854            1.7464
jpn_Jpan  0.6984   19.8606  5.5207   2.9986       3.4154      0.3087       -0.7221          0.1681            2.3839
heb_Hebr  0.6914   19.6600  9.9486   1.6889       0.9446      -0.0283      -0.7547          0.2923            1.1562
kor_Hang  0.6518   18.5336  6.8201   2.6469       3.4615      0.3300       -0.9331          -0.0125           2.6475
cmn_Hans  0.5468   15.5486  5.4417   4.7224       2.9339      -0.3714      -0.2650          0.1577            2.2231

# eng_Latn reference (raw_monotonicity, t_0.9470, t_midpoint): pps=28.4353	bpp=8.8320
