Language  Premium  PPS      BPP      EntropyMean  EntropyVar  EntropySkew  EntropyKurtosis  EntropyAutocorr1  EntropyVolatility
deu_Latn  1.1469   32.6770  8.9971   1.3080       1.1640      0.6895       -0.4118          0.1296            1.4235
spa_Latn  1.1309   32.2227  9.2876   1.2754       0.9936      0.5414       -0.7345          0.1400            1.3073
ita_Latn  1.1250   32.0532  9.2055   1.3201       0.9239      0.5082       -0.5873          0.1761            1.2339
ron_Latn  1.1044   31.4674  8.9913   1.3556       1.0122      0.5101       -0.5841          0.1627            1.3020
fra_Latn  1.0929   31.1384  9.5854   1.2414       1.0006      0.6122       -0.3257          0.2054            1.2610
vie_Latn  1.0749   30.6279  8.6449   1.3526       1.2955      0.3905       -1.0770          0.1074            1.5208
hrv_Latn  1.0655   30.3601  8.1845   1.4946       1.0147      0.5284       -0.3542          0.1490            1.3141
nya_Latn  1.0387   29.5948  9.5887   1.2146       0.8825      0.5576       -0.5442          0.2999            1.1116
fin_Latn  1.0235   29.1625  9.2131   1.3803       0.8533      0.4588       -0.4260          0.2216            1.1525
tha_Thai  1.0179   29.0020  8.3187   1.3909       1.3309      0.2855       -1.2530          0.0587            1.5828
kat_Geor  1.0154   28.9308  9.5648   1.1931       1.0231      0.6756       -0.4913          0.2436            1.2441
srp_Cyrl  1.0036   28.5948  8.7344   1.3481       0.9955      0.6123       -0.3927          0.0993            1.3391
eng_Latn  1.0000   28.4925  8.8143   1.3522       1.1022      0.5492       -0.6706          0.1478            1.3707
tam_Taml  0.9746   27.7683  10.5565  1.1658       0.8753      0.5618       -0.4043          0.3556            1.0622
arb_Arab  0.8617   24.5507  9.0349   1.5898       1.0216      0.0771       -0.9501          0.1476            1.3197
amh_Ethi  0.8558   24.3842  7.0030   1.9360       1.8721      0.3281       -0.9942          0.1854            1.7464
heb_Hebr  0.7457   21.2477  9.2052   1.6889       0.9446      -0.0283      -0.7547          0.2923            1.1562
jpn_Jpan  0.7383   21.0351  5.2125   2.9986       3.4154      0.3087       -0.7221          0.1681            2.3839
kor_Hang  0.6887   19.6239  6.4412   2.6469       3.4615      0.3300       -0.9331          -0.0125           2.6475
cmn_Hans  0.6449   18.3751  4.6047   4.7224       2.9339      -0.3714      -0.2650          0.1577            2.2231

# eng_Latn reference (cumulative_mono_rel0p5, t_3.4530, t_midpoint): pps=28.4925	bpp=8.8143
