Language  Premium  PPS       BPP     EntropyMean  EntropyVar  EntropySkew  EntropyKurtosis  EntropyAutocorr1  EntropyVolatility
kat_Geor  4.0532   116.2959  3.2140  1.3694       1.9535      0.5694       -1.4568          -0.4103           2.3474
srp_Cyrl  3.6510   104.7553  2.1681  2.3646       1.5654      -0.0448      -1.7470          -0.6842           2.2962
amh_Ethi  3.4882   100.0832  2.1887  2.7971       0.7736      -0.4933      -0.8052          -0.1665           1.3434
tam_Taml  2.8991   83.1825   4.8087  1.0296       0.9266      0.7842       -0.8247          -0.4460           1.6370
tha_Thai  2.7398   78.6108   4.4211  0.9909       1.1738      1.1388       -0.2451          -0.3408           1.7742
heb_Hebr  2.5903   74.3210   2.3545  1.6378       1.5518      0.1202       -1.8717          -0.7842           2.3532
nya_Latn  2.0128   57.7523   2.4623  2.3123       0.5504      -0.6023      0.4802           0.1607            0.9612
arb_Arab  1.8557   53.2447   3.7784  1.2928       0.4725      0.5239       -0.6872          -0.3667           1.1365
hrv_Latn  1.7298   49.6329   2.5691  2.2131       0.5256      -0.3455      0.2096           0.0804            0.9832
ron_Latn  1.7289   49.6068   3.0106  1.8004       0.7836      -0.0710      -0.5917          0.1168            1.1765
vie_Latn  1.6926   48.5647   3.6105  1.3760       0.8855      0.4377       -0.8109          -0.0099           1.3374
fin_Latn  1.6858   48.3681   2.8859  1.8263       0.6869      -0.0217      -0.2302          0.1402            1.0868
kor_Hang  1.6691   47.8887   3.1609  1.7424       0.7243      0.1995       -0.5579          0.0416            1.1782
ita_Latn  1.5357   44.0612   3.3734  1.5139       0.7974      0.2478       -0.6839          0.1650            1.1540
cmn_Hans  1.4764   42.3611   2.7763  1.9290       0.8844      -0.1378      -0.4529          0.0927            1.2668
jpn_Jpan  1.4742   42.2969   3.7953  1.2989       0.8976      0.6057       -0.4848          0.1327            1.2478
fra_Latn  1.4594   41.8726   3.7026  1.3478       0.8843      0.3596       -0.8204          0.1848            1.2007
deu_Latn  1.4550   41.7472   3.5783  1.3996       1.0343      0.5344       -0.5527          0.1303            1.3413
spa_Latn  1.4538   41.7131   3.6568  1.3485       0.9081      0.4388       -0.7899          0.1339            1.2542
eng_Latn  1.0000   28.6921   4.3799  1.0874       1.0221      0.7462       -0.5605          0.1813            1.2937

# eng_Latn reference (cumulative_mono_0, t_3.2609, t_midpoint): pps=28.6921	bpp=4.3799
