Language  Premium  PPS       BPP     EntropyMean  EntropyVar  EntropySkew  EntropyKurtosis  EntropyAutocorr1  EntropyVolatility
kat_Geor  4.1335   119.7061  3.1225  1.3694       1.9535      0.5694       -1.4568          -0.4103           2.3474
srp_Cyrl  3.5289   102.1966  2.2223  2.3646       1.5654      -0.0448      -1.7470          -0.6842           2.2962
tam_Taml  3.1641   91.6309   4.3654  1.0296       0.9266      0.7842       -0.8247          -0.4460           1.6370
amh_Ethi  3.1370   90.8485   2.4112  2.7971       0.7736      -0.4933      -0.8052          -0.1665           1.3434
tha_Thai  2.7875   80.7252   4.3053  0.9909       1.1738      1.1388       -0.2451          -0.3408           1.7742
heb_Hebr  2.7251   78.9198   2.2173  1.6378       1.5518      0.1202       -1.8717          -0.7842           2.3532
arb_Arab  1.9630   56.8495   3.5388  1.2928       0.4725      0.5239       -0.6872          -0.3667           1.1365
nya_Latn  1.8894   54.7172   2.5989  2.3123       0.5504      -0.6023      0.4802           0.1607            0.9612
ron_Latn  1.7199   49.8084   2.9984  1.8004       0.7836      -0.0710      -0.5917          0.1168            1.1765
vie_Latn  1.7162   49.7011   3.5280  1.3760       0.8855      0.4377       -0.8109          -0.0099           1.3374
kor_Hang  1.7013   49.2708   3.0722  1.7424       0.7243      0.1995       -0.5579          0.0416            1.1782
hrv_Latn  1.6825   48.7242   2.6170  2.2131       0.5256      -0.3455      0.2096           0.0804            0.9832
fin_Latn  1.6164   46.8114   2.9818  1.8263       0.6869      -0.0217      -0.2302          0.1402            1.0868
ita_Latn  1.5109   43.7543   3.3970  1.5139       0.7974      0.2478       -0.6839          0.1650            1.1540
jpn_Jpan  1.4990   43.4122   3.6978  1.2989       0.8976      0.6057       -0.4848          0.1327            1.2478
cmn_Hans  1.4873   43.0722   2.7305  1.9290       0.8844      -0.1378      -0.4529          0.0927            1.2668
deu_Latn  1.4584   42.2357   3.5369  1.3996       1.0343      0.5344       -0.5527          0.1303            1.3413
spa_Latn  1.4543   42.1153   3.6219  1.3485       0.9081      0.4388       -0.7899          0.1339            1.2542
fra_Latn  1.4483   41.9418   3.6965  1.3478       0.8843      0.3596       -0.8204          0.1848            1.2007
eng_Latn  1.0000   28.9599   4.3393  1.0874       1.0221      0.7462       -0.5605          0.1813            1.2937

# eng_Latn reference (cumulative_mono_rel0p25, t_2.9750, t_midpoint): pps=28.9599	bpp=4.3393
