Language  Premium  PPS       BPP     EntropyTotal  EntropyMean  EntropyVar  EntropySkew  EntropyKurtosis  EntropyAutocorr1  EntropyVolatility
kat_Geor  4.1199   121.2568  3.0825  510315.7132   1.3694       1.9535      0.5694       -1.4568          -0.4103           2.3474
tam_Taml  3.7268   109.6871  3.6467  410591.9961   1.0296       0.9266      0.7842       -0.8247          -0.4460           1.6370
srp_Cyrl  3.4290   100.9248  2.2504  535434.5846   2.3646       1.5654      -0.0448      -1.7470          -0.6842           2.2962
tha_Thai  2.9065   85.5436   4.0628  343334.5682   0.9909       1.1738      1.1388       -0.2451          -0.3408           1.7742
amh_Ethi  2.7626   81.3099   2.6941  610874.8469   2.7971       0.7736      -0.4933      -0.8052          -0.1665           1.3434
heb_Hebr  2.6824   78.9478   2.2165  285743.7087   1.6378       1.5518      0.1202       -1.8717          -0.7842           2.3532
arb_Arab  2.2317   65.6841   3.0628  259299.5504   1.2928       0.4725      0.5239       -0.6872          -0.3667           1.1365
vie_Latn  1.6877   49.6720   3.5301  240549.1985   1.3760       0.8855      0.4377       -0.8109          -0.0099           1.3374
kor_Hang  1.6671   49.0672   3.0850  262965.7502   1.7424       0.7243      0.1995       -0.5579          0.0416            1.1782
nya_Latn  1.6061   47.2718   3.0082  327824.8178   2.3123       0.5504      -0.6023      0.4802           0.1607            0.9612
ron_Latn  1.5981   47.0371   3.1750  268075.2308   1.8004       0.7836      -0.0710      -0.5917          0.1168            1.1765
jpn_Jpan  1.5173   44.6590   3.5946  207891.0854   1.2989       0.8976      0.6057       -0.4848          0.1327            1.2478
hrv_Latn  1.4829   43.6449   2.9216  281346.1459   2.2131       0.5256      -0.3455      0.2096           0.0804            0.9832
cmn_Hans  1.4661   43.1505   2.7255  226179.7999   1.9290       0.8844      -0.1378      -0.4529          0.0927            1.2668
fin_Latn  1.4616   43.0171   3.2448  254162.9283   1.8263       0.6869      -0.0217      -0.2302          0.1402            1.0868
ita_Latn  1.4430   42.4704   3.4997  224338.2902   1.5139       0.7974      0.2478       -0.6839          0.1650            1.1540
deu_Latn  1.4317   42.1394   3.5450  208453.1885   1.3996       1.0343      0.5344       -0.5527          0.1303            1.3413
fra_Latn  1.4188   41.7573   3.7128  208336.9512   1.3478       0.8843      0.3596       -0.8204          0.1848            1.2007
spa_Latn  1.4130   41.5878   3.6678  205080.7490   1.3485       0.9081      0.4388       -0.7899          0.1339            1.2542
eng_Latn  1.0000   29.4323   4.2697  136244.2269   1.0874       1.0221      0.7462       -0.5605          0.1813            1.2937

# eng_Latn reference (cumulative_mono_rel0p5, t_2.5939, t_midpoint): pps=29.4323	bpp=4.2697
