Language  Premium  PPS      BPP     EntropyMean  EntropyVar  EntropySkew  EntropyKurtosis  EntropyAutocorr1  EntropyVolatility
srp_Cyrl  3.5057   99.1123  2.2915  4.2692       2.1046      -0.8072      0.7350           -0.0918           2.1437
kat_Geor  2.9435   83.2187  4.4915  3.6665       2.6187      0.0035       1.6473           0.1253            2.1403
amh_Ethi  2.4595   69.5356  3.1502  7.1318       6.3451      -0.9181      -0.4016          0.0168            3.5323
tam_Taml  2.3882   67.5196  5.9242  2.7725       0.8597      -0.8005      2.8260           0.0640            1.2686
nya_Latn  2.2534   63.7081  2.2321  2.3172       0.5490      -0.5515      0.6066           0.1596            0.9606
tha_Thai  2.1361   60.3912  5.7549  2.8106       1.3814      -0.2093      -0.2614          0.0248            1.6415
hrv_Latn  1.9491   55.1033  2.3141  2.2709       0.6257      0.2453       1.7305           0.0493            1.0907
ron_Latn  1.8823   53.2146  2.8064  1.8972       0.8676      0.3500       0.7610           0.0780            1.2649
fin_Latn  1.8122   51.2347  2.7244  1.8975       0.6573      0.1152       0.0837           0.1168            1.0775
arb_Arab  1.6796   47.4845  4.2367  2.3221       0.9188      -0.5752      -0.5525          -0.0971           1.4199
heb_Hebr  1.6740   47.3270  3.6974  2.9024       1.2304      -1.2362      0.2803           0.0412            1.5360
vie_Latn  1.6365   46.2668  3.7899  1.8209       1.7399      0.5799       -0.2388          -0.0255           1.8890
ita_Latn  1.6239   45.9107  3.2375  1.5248       0.8107      0.3207       -0.3398          0.1456            1.1770
fra_Latn  1.5129   42.7733  3.6246  1.3998       0.9389      0.4382       -0.4129          0.1783            1.2422
spa_Latn  1.4995   42.3922  3.5982  1.3745       0.9409      0.4520       -0.6823          0.1212            1.2860
deu_Latn  1.4881   42.0712  3.5507  1.4221       1.0609      0.5372       -0.4812          0.1285            1.3598
kor_Hang  1.4865   42.0271  3.6018  4.0999       5.0988      -0.2378      -1.3315          -0.0751           3.3110
cmn_Hans  1.1808   33.3842  3.5228  5.2436       4.3725      -0.3492      -0.9534          0.2771            2.5143
jpn_Jpan  1.1795   33.3470  4.8139  3.7196       3.6922      0.2437       -0.7277          0.1943            2.4391
eng_Latn  1.0000   28.2718  4.4450  1.0882       1.0243      0.7509       -0.5329          0.1819            1.2945

# eng_Latn reference (cumulative_nomono, t_3.9332, t_midpoint): pps=28.2718	bpp=4.4450
