Language  Premium  PPS      BPP      EntropyMean  EntropyVar  EntropySkew  EntropyKurtosis  EntropyAutocorr1  EntropyVolatility
vie_Latn  1.6291   45.8355  3.8255   1.8209       1.7399      0.5799       -0.2388          -0.0255           1.8890
deu_Latn  1.3478   37.9208  3.9394   1.4221       1.0609      0.5372       -0.4812          0.1285            1.3598
srp_Cyrl  1.2832   36.1033  6.2907   4.2692       2.1046      -0.8072      0.7350           -0.0918           2.1437
spa_Latn  1.2741   35.8465  4.2552   1.3745       0.9409      0.4520       -0.6823          0.1212            1.2860
tha_Thai  1.2722   35.7934  9.7097   2.8106       1.3814      -0.2093      -0.2614          0.0248            1.6415
ron_Latn  1.2510   35.1966  4.2431   1.8972       0.8676      0.3500       0.7610           0.0780            1.2649
amh_Ethi  1.2507   35.1886  6.2251   7.1318       6.3451      -0.9181      -0.4016          0.0168            3.5323
fra_Latn  1.2391   34.8616  4.4472   1.3998       0.9389      0.4382       -0.4129          0.1783            1.2422
ita_Latn  1.2130   34.1274  4.3553   1.5248       0.8107      0.3207       -0.3398          0.1456            1.1770
tam_Taml  1.1883   33.4343  11.9638  2.7725       0.8597      -0.8005      2.8260           0.0640            1.2686
arb_Arab  1.0675   30.0351  6.6981   2.3221       0.9188      -0.5752      -0.5525          -0.0971           1.4199
fin_Latn  1.0424   29.3280  4.7594   1.8975       0.6573      0.1152       0.0837           0.1168            1.0775
hrv_Latn  1.0245   28.8245  4.4238   2.2709       0.6257      0.2453       1.7305           0.0493            1.0907
eng_Latn  1.0000   28.1354  4.4665   1.0882       1.0243      0.7509       -0.5329          0.1819            1.2945
nya_Latn  0.9879   27.7954  5.1161   2.3172       0.5490      -0.5515      0.6066           0.1596            0.9606
kat_Geor  0.9634   27.1053  13.7899  3.6665       2.6187      0.0035       1.6473           0.1253            2.1403
jpn_Jpan  0.7362   20.7141  7.7498   3.7196       3.6922      0.2437       -0.7277          0.1943            2.4391
kor_Hang  0.7276   20.4724  7.3940   4.0999       5.0988      -0.2378      -1.3315          -0.0751           3.3110
heb_Hebr  0.6749   18.9880  9.2158   2.9024       1.2304      -1.2362      0.2803           0.0412            1.5360
cmn_Hans  0.5753   16.1856  7.2662   5.2436       4.3725      -0.3492      -0.9534          0.2771            2.5143

# eng_Latn reference (raw_monotonicity, t_0.7856, t_midpoint): pps=28.1354	bpp=4.4665
