Language  Premium  PPS      BPP     EntropyTotal  EntropyMean  EntropyVar  EntropySkew  EntropyKurtosis  EntropyAutocorr1  EntropyVolatility
vie_Latn  1.6941   49.8636  3.5165  240345.0994   1.8209       1.7399      0.5799       -0.2388          -0.0255           1.8890
tam_Taml  1.6102   47.3962  8.4395  405138.9963   2.7725       0.8597      -0.8005      2.8260           0.0640            1.2686
nya_Latn  1.6038   47.2056  3.0124  327797.8872   2.3172       0.5490      -0.5515      0.6066           0.1596            0.9606
srp_Cyrl  1.5810   46.5366  4.8804  531535.0945   4.2692       2.1046      -0.8072      0.7350           -0.0918           2.1437
tha_Thai  1.5617   45.9669  7.5608  338027.1970   2.8106       1.3814      -0.2093      -0.2614          0.0248            1.6415
ron_Latn  1.5427   45.4092  3.2888  267585.7230   1.8972       0.8676      0.3500       0.7610           0.0780            1.2649
hrv_Latn  1.4612   43.0100  2.9647  281296.5473   2.2709       0.6257      0.2453       1.7305           0.0493            1.0907
ita_Latn  1.4443   42.5105  3.4964  224280.4172   1.5248       0.8107      0.3207       -0.3398          0.1456            1.1770
deu_Latn  1.4223   41.8646  3.5683  208424.8818   1.4221       1.0609      0.5372       -0.4812          0.1285            1.3598
spa_Latn  1.4139   41.6179  3.6651  205053.9131   1.3745       0.9409      0.4520       -0.6823          0.1212            1.2860
fin_Latn  1.4137   41.6098  3.3546  254143.4586   1.8975       0.6573      0.1152       0.0837           0.1168            1.0775
fra_Latn  1.3871   40.8295  3.7972  208269.6113   1.3998       0.9389      0.4382       -0.4129          0.1783            1.2422
amh_Ethi  1.3831   40.7111  5.3807  607093.0619   7.1318       6.3451      -0.9181      -0.4016          0.0168            3.5323
arb_Arab  1.3117   38.6098  5.2106  256766.1327   2.3221       0.9188      -0.5752      -0.5525          -0.0971           1.4199
kat_Geor  1.2928   38.0522  9.8228  505769.8594   3.6665       2.6187      0.0035       1.6473           0.1253            2.1403
eng_Latn  1.0000   29.4343  4.2694  136241.7787   1.0882       1.0243      0.7509       -0.5329          0.1819            1.2945
heb_Hebr  0.8035   23.6499  7.3991  282982.9591   2.9024       1.2304      -1.2362      0.2803           0.0412            1.5360
jpn_Jpan  0.7893   23.2327  6.9096  203307.8260   3.7196       3.6922      0.2437       -0.7277          0.1943            2.4391
kor_Hang  0.7743   22.7904  6.6419  258338.9439   4.0999       5.0988      -0.2378      -1.3315          -0.0751           3.3110
cmn_Hans  0.6274   18.4664  6.3687  221170.8893   5.2436       4.3725      -0.3492      -0.9534          0.2771            2.5143

# eng_Latn reference (cumulative_mono_rel0p5, t_2.5939, t_midpoint): pps=29.4343	bpp=4.2694
