Language  Premium  PPS       BPP     EntropyMean  EntropyVar  EntropySkew  EntropyKurtosis  EntropyAutocorr1  EntropyVolatility
tam_Taml  4.4292   127.0120  3.1493  2.7725       0.8597      -0.8005      2.8260           0.0640            1.2686
kat_Geor  4.1763   119.7593  3.1211  3.6665       2.6187      0.0035       1.6473           0.1253            2.1403
srp_Cyrl  3.7961   108.8576  2.0864  4.2692       2.1046      -0.8072      0.7350           -0.0918           2.1437
nya_Latn  3.7393   107.2287  1.3262  2.3172       0.5490      -0.5515      0.6066           0.1596            0.9606
tha_Thai  3.3009   94.6570   3.6716  2.8106       1.3814      -0.2093      -0.2614          0.0248            1.6415
hrv_Latn  3.0507   87.4814   1.4576  2.2709       0.6257      0.2453       1.7305           0.0493            1.0907
amh_Ethi  2.8813   82.6239   2.6512  7.1318       6.3451      -0.9181      -0.4016          0.0168            3.5323
arb_Arab  2.7491   78.8345   2.5519  2.3221       0.9188      -0.5752      -0.5525          -0.0971           1.4199
heb_Hebr  2.7371   78.4885   2.2295  2.9024       1.2304      -1.2362      0.2803           0.0412            1.5360
ron_Latn  2.3962   68.7121   2.1735  1.8972       0.8676      0.3500       0.7610           0.0780            1.2649
fin_Latn  2.3073   66.1655   2.1096  1.8975       0.6573      0.1152       0.0837           0.1168            1.0775
vie_Latn  1.9968   57.2598   3.0623  1.8209       1.7399      0.5799       -0.2388          -0.0255           1.8890
ita_Latn  1.6428   47.1093   3.1551  1.5248       0.8107      0.3207       -0.3398          0.1456            1.1770
kor_Hang  1.5855   45.4654   3.3294  4.0999       5.0988      -0.2378      -1.3315          -0.0751           3.3110
jpn_Jpan  1.5613   44.7723   3.5855  3.7196       3.6922      0.2437       -0.7277          0.1943            2.4391
fra_Latn  1.5121   43.3611   3.5755  1.3998       0.9389      0.4382       -0.4129          0.1783            1.2422
deu_Latn  1.5081   43.2457   3.4543  1.4221       1.0609      0.5372       -0.4812          0.1285            1.3598
spa_Latn  1.4851   42.5858   3.5818  1.3745       0.9409      0.4520       -0.6823          0.1212            1.2860
cmn_Hans  1.3984   40.1003   2.9328  5.2436       4.3725      -0.3492      -0.9534          0.2771            2.5143
eng_Latn  1.0000   28.6760   4.3823  1.0882       1.0243      0.7509       -0.5329          0.1819            1.2945

# eng_Latn reference (raw_entropy, t_1.9207, t_midpoint): pps=28.6760	bpp=4.3823
