Language  Premium  PPS      BPP     EntropyTotal  EntropyMean  EntropyVar  EntropySkew  EntropyKurtosis  EntropyAutocorr1  EntropyVolatility
tam_Taml  1.9580   56.8415  7.0371  405138.9963   2.7725       0.8597      -0.8005      2.8260           0.0640            1.2686
nya_Latn  1.8841   54.6951  2.5999  327797.8872   2.3172       0.5490      -0.5515      0.6066           0.1596            0.9606
srp_Cyrl  1.7797   51.6660  4.3959  531535.0945   4.2692       2.1046      -0.8072      0.7350           -0.0918           2.1437
tha_Thai  1.7408   50.5366  6.8771  338027.1970   2.8106       1.3814      -0.2093      -0.2614          0.0248            1.6415
vie_Latn  1.7117   49.6901  3.5288  240345.0994   1.8209       1.7399      0.5799       -0.2388          -0.0255           1.8890
ron_Latn  1.6706   48.4975  3.0794  267585.7230   1.8972       0.8676      0.3500       0.7610           0.0780            1.2649
hrv_Latn  1.6561   48.0782  2.6522  281296.5473   2.2709       0.6257      0.2453       1.7305           0.0493            1.0907
kat_Geor  1.6450   47.7543  7.8271  505769.8594   3.6665       2.6187      0.0035       1.6473           0.1253            2.1403
fin_Latn  1.5819   45.9218  3.0396  254143.4586   1.8975       0.6573      0.1152       0.0837           0.1168            1.0775
ita_Latn  1.5097   43.8255  3.3915  224280.4172   1.5248       0.8107      0.3207       -0.3398          0.1456            1.1770
amh_Ethi  1.5041   43.6640  5.0168  607093.0619   7.1318       6.3451      -0.9181      -0.4016          0.0168            3.5323
arb_Arab  1.4735   42.7763  4.7031  256766.1327   2.3221       0.9188      -0.5752      -0.5525          -0.0971           1.4199
spa_Latn  1.4534   42.1926  3.6152  205053.9131   1.3745       0.9409      0.4520       -0.6823          0.1212            1.2860
deu_Latn  1.4500   42.0933  3.5489  208424.8818   1.4221       1.0609      0.5372       -0.4812          0.1285            1.3598
fra_Latn  1.4245   41.3531  3.7491  208269.6113   1.3998       0.9389      0.4382       -0.4129          0.1783            1.2422
heb_Hebr  1.3594   39.4644  4.4341  282982.9591   2.9024       1.2304      -1.2362      0.2803           0.0412            1.5360
eng_Latn  1.0000   29.0301  4.3289  136241.7787   1.0882       1.0243      0.7509       -0.5329          0.1819            1.2945
jpn_Jpan  0.8407   24.4062  6.5774  203307.8260   3.7196       3.6922      0.2437       -0.7277          0.1943            2.4391
kor_Hang  0.8316   24.1404  6.2705  258338.9439   4.0999       5.0988      -0.2378      -1.3315          -0.0751           3.3110
cmn_Hans  0.6785   19.6971  5.9708  221170.8893   5.2436       4.3725      -0.3492      -0.9534          0.2771            2.5143

# eng_Latn reference (cumulative_mono_rel0p25, t_2.9644, t_midpoint): pps=29.0301	bpp=4.3289
