Language  Premium  PPS      BPP     EntropyMean  EntropyVar  EntropySkew  EntropyKurtosis  EntropyAutocorr1  EntropyVolatility
heb_Hebr  2.1198   60.7994  2.8781  2.9024       1.2304      -1.2362      0.2803           0.0412            1.5360
tam_Taml  2.1124   60.5868  6.6021  2.7725       0.8597      -0.8005      2.8260           0.0640            1.2686
kat_Geor  2.1085   60.4764  6.1806  3.6665       2.6187      0.0035       1.6473           0.1253            2.1403
srp_Cyrl  2.0121   57.7101  3.9355  4.2692       2.1046      -0.8072      0.7350           -0.0918           2.1437
nya_Latn  2.0104   57.6630  2.4661  2.3172       0.5490      -0.5515      0.6066           0.1596            0.9606
tha_Thai  1.8372   52.6951  6.5954  2.8106       1.3814      -0.2093      -0.2614          0.0248            1.6415
hrv_Latn  1.7080   48.9890  2.6029  2.2709       0.6257      0.2453       1.7305           0.0493            1.0907
ron_Latn  1.7048   48.8977  3.0542  1.8972       0.8676      0.3500       0.7610           0.0780            1.2649
fin_Latn  1.6658   47.7773  2.9215  1.8975       0.6573      0.1152       0.0837           0.1168            1.0775
vie_Latn  1.6591   47.5868  3.6847  1.8209       1.7399      0.5799       -0.2388          -0.0255           1.8890
amh_Ethi  1.6224   46.5346  4.7073  7.1318       6.3451      -0.9181      -0.4016          0.0168            3.5323
ita_Latn  1.5324   43.9509  3.3818  1.5248       0.8107      0.3207       -0.3398          0.1456            1.1770
arb_Arab  1.5175   43.5236  4.6223  2.3221       0.9188      -0.5752      -0.5525          -0.0971           1.4199
spa_Latn  1.4495   41.5757  3.6689  1.3745       0.9409      0.4520       -0.6823          0.1212            1.2860
deu_Latn  1.4473   41.5125  3.5985  1.4221       1.0609      0.5372       -0.4812          0.1285            1.3598
fra_Latn  1.4437   41.4082  3.7441  1.3998       0.9389      0.4382       -0.4129          0.1783            1.2422
eng_Latn  1.0000   28.6820  4.3814  1.0882       1.0243      0.7509       -0.5329          0.1819            1.2945
kor_Hang  0.8913   25.5647  5.9211  4.0999       5.0988      -0.2378      -1.3315          -0.0751           3.3110
jpn_Jpan  0.8875   25.4564  6.3061  3.7196       3.6922      0.2437       -0.7277          0.1943            2.4391
cmn_Hans  0.7274   20.8636  5.6369  5.2436       4.3725      -0.3492      -0.9534          0.2771            2.5143

# eng_Latn reference (cumulative_mono_0, t_3.2609, t_midpoint): pps=28.6820	bpp=4.3814
