Language  Premium  PPS       BPP     EntropyMean  EntropyVar  EntropySkew  EntropyKurtosis  EntropyAutocorr1  EntropyVolatility
tam_Taml  3.5593   128.0853  3.1229  2.7725       0.8597      -0.8005      2.8260           0.0640            1.2686
nya_Latn  3.3476   120.4674  1.1804  2.3172       0.5490      -0.5515      0.6066           0.1596            0.9606
kat_Geor  3.3454   120.3872  3.1048  3.6665       2.6187      0.0035       1.6473           0.1253            2.1403
srp_Cyrl  3.0751   110.6610  2.0524  4.2692       2.1046      -0.8072      0.7350           -0.0918           2.1437
hrv_Latn  2.8726   103.3721  1.2335  2.2709       0.6257      0.2453       1.7305           0.0493            1.0907
tha_Thai  2.7645   99.4824   3.4935  2.8106       1.3814      -0.2093      -0.2614          0.0248            1.6415
ron_Latn  2.4891   89.5737   1.6673  1.8972       0.8676      0.3500       0.7610           0.0780            1.2649
fin_Latn  2.4523   88.2477   1.5817  1.8975       0.6573      0.1152       0.0837           0.1168            1.0775
amh_Ethi  2.3268   83.7332   2.6161  7.1318       6.3451      -0.9181      -0.4016          0.0168            3.5323
arb_Arab  2.2858   82.2558   2.4458  2.3221       0.9188      -0.5752      -0.5525          -0.0971           1.4199
heb_Hebr  2.1880   78.7362   2.2225  2.9024       1.2304      -1.2362      0.2803           0.0412            1.5360
vie_Latn  1.8555   66.7723   2.6260  1.8209       1.7399      0.5799       -0.2388          -0.0255           1.8890
ita_Latn  1.7993   64.7492   2.2955  1.5248       0.8107      0.3207       -0.3398          0.1456            1.1770
fra_Latn  1.6344   58.8154   2.6360  1.3998       0.9389      0.4382       -0.4129          0.1783            1.2422
spa_Latn  1.5711   56.5376   2.6979  1.3745       0.9409      0.4520       -0.6823          0.1212            1.2860
deu_Latn  1.5679   56.4213   2.6477  1.4221       1.0609      0.5372       -0.4812          0.1285            1.3598
kor_Hang  1.3764   49.5296   3.0562  4.0999       5.0988      -0.2378      -1.3315          -0.0751           3.3110
jpn_Jpan  1.2987   46.7342   3.4349  3.7196       3.6922      0.2437       -0.7277          0.1943            2.4391
cmn_Hans  1.1333   40.7844   2.8836  5.2436       4.3725      -0.3492      -0.9534          0.2771            2.5143
eng_Latn  1.0000   35.9860   3.4921  1.0882       1.0243      0.7509       -0.5329          0.1819            1.2945

# eng_Latn reference (raw_entropy, t_1.6279, t_lower_bound): pps=35.9860	bpp=3.4921
