Language  Premium  PPS      BPP      EntropyMean  EntropyVar  EntropySkew  EntropyKurtosis  EntropyAutocorr1  EntropyVolatility
vie_Latn  1.4802   53.2387  3.2936   1.8209       1.7399      0.5799       -0.2388          -0.0255           1.8890
spa_Latn  1.3660   49.1304  3.1047   1.3745       0.9409      0.4520       -0.6823          0.1212            1.2860
deu_Latn  1.3557   48.7603  3.0636   1.4221       1.0609      0.5372       -0.4812          0.1285            1.3598
ron_Latn  1.3367   48.0792  3.1062   1.8972       0.8676      0.3500       0.7610           0.0780            1.2649
ita_Latn  1.3322   47.9147  3.1020   1.5248       0.8107      0.3207       -0.3398          0.1456            1.1770
nya_Latn  1.3179   47.4032  2.9999   2.3172       0.5490      -0.5515      0.6066           0.1596            0.9606
fra_Latn  1.3163   47.3440  3.2747   1.3998       0.9389      0.4382       -0.4129          0.1783            1.2422
tam_Taml  1.2841   46.1846  8.6609   2.7725       0.8597      -0.8005      2.8260           0.0640            1.2686
srp_Cyrl  1.2723   45.7613  4.9631   4.2692       2.1046      -0.8072      0.7350           -0.0918           2.1437
tha_Thai  1.2711   45.7192  7.6017   2.8106       1.3814      -0.2093      -0.2614          0.0248            1.6415
fin_Latn  1.2137   43.6540  3.1975   1.8975       0.6573      0.1152       0.0837           0.1168            1.0775
hrv_Latn  1.2082   43.4574  2.9342   2.2709       0.6257      0.2453       1.7305           0.0493            1.0907
amh_Ethi  1.1218   40.3480  5.4291   7.1318       6.3451      -0.9181      -0.4016          0.0168            3.5323
arb_Arab  1.0558   37.9759  5.2976   2.3221       0.9188      -0.5752      -0.5525          -0.0971           1.4199
kat_Geor  1.0284   36.9890  10.1052  3.6665       2.6187      0.0035       1.6473           0.1253            2.1403
eng_Latn  1.0000   35.9679  3.4939   1.0882       1.0243      0.7509       -0.5329          0.1819            1.2945
jpn_Jpan  0.6558   23.5868  6.8059   3.7196       3.6922      0.2437       -0.7277          0.1943            2.4391
heb_Hebr  0.6466   23.2578  7.5239   2.9024       1.2304      -1.2362      0.2803           0.0412            1.5360
kor_Hang  0.6356   22.8606  6.6215   4.0999       5.0988      -0.2378      -1.3315          -0.0751           3.3110
cmn_Hans  0.5120   18.4142  6.3867   5.2436       4.3725      -0.3492      -0.9534          0.2771            2.5143

# eng_Latn reference (raw_monotonicity, t_0.4227, t_lower_bound): pps=35.9679	bpp=3.4939
