Language  Premium  PPS      BPP     EntropyMean  EntropyVar  EntropySkew  EntropyKurtosis  EntropyAutocorr1  EntropyVolatility
nya_Latn  1.6506   59.4323  2.3927  2.3172       0.5490      -0.5515      0.6066           0.1596            0.9606
tam_Taml  1.5658   56.3771  7.0951  2.7725       0.8597      -0.8005      2.8260           0.0640            1.2686
ron_Latn  1.5258   54.9388  2.7184  1.8972       0.8676      0.3500       0.7610           0.0780            1.2649
vie_Latn  1.5227   54.8265  3.1982  1.8209       1.7399      0.5799       -0.2388          -0.0255           1.8890
fin_Latn  1.4656   52.7703  2.6451  1.8975       0.6573      0.1152       0.0837           0.1168            1.0775
ita_Latn  1.4614   52.6179  2.8248  1.5248       0.8107      0.3207       -0.3398          0.1456            1.1770
tha_Thai  1.4425   51.9378  6.6916  2.8106       1.3814      -0.2093      -0.2614          0.0248            1.6415
hrv_Latn  1.4396   51.8345  2.4600  2.2709       0.6257      0.2453       1.7305           0.0493            1.0907
srp_Cyrl  1.4285   51.4363  4.4155  4.2692       2.1046      -0.8072      0.7350           -0.0918           2.1437
deu_Latn  1.4255   51.3260  2.9105  1.4221       1.0609      0.5372       -0.4812          0.1285            1.3598
spa_Latn  1.4053   50.6008  3.0145  1.3745       0.9409      0.4520       -0.6823          0.1212            1.2860
fra_Latn  1.3844   49.8465  3.1103  1.3998       0.9389      0.4382       -0.4129          0.1783            1.2422
kat_Geor  1.3097   47.1585  7.9260  3.6665       2.6187      0.0035       1.6473           0.1253            2.1403
arb_Arab  1.2263   44.1535  4.5564  2.3221       0.9188      -0.5752      -0.5525          -0.0971           1.4199
amh_Ethi  1.2102   43.5757  5.0270  7.1318       6.3451      -0.9181      -0.4016          0.0168            3.5323
heb_Hebr  1.0482   37.7432  4.6363  2.9024       1.2304      -1.2362      0.2803           0.0412            1.5360
eng_Latn  1.0000   36.0060  3.4902  1.0882       1.0243      0.7509       -0.5329          0.1819            1.2945
jpn_Jpan  0.7013   25.2528  6.3569  3.7196       3.6922      0.2437       -0.7277          0.1943            2.4391
kor_Hang  0.6812   24.5266  6.1718  4.0999       5.0988      -0.2378      -1.3315          -0.0751           3.3110
cmn_Hans  0.5507   19.8285  5.9312  5.2436       4.3725      -0.3492      -0.9534          0.2771            2.5143

# eng_Latn reference (cumulative_mono_rel0p5, t_1.6728, t_lower_bound): pps=36.0060	bpp=3.4902
