Language  Premium  PPS      BPP     EntropyMean  EntropyVar  EntropySkew  EntropyKurtosis  EntropyAutocorr1  EntropyVolatility
nya_Latn  1.9510   70.2116  2.0254  2.3172       0.5490      -0.5515      0.6066           0.1596            0.9606
tam_Taml  1.8798   67.6499  5.9128  2.7725       0.8597      -0.8005      2.8260           0.0640            1.2686
heb_Hebr  1.7985   64.7212  2.7037  2.9024       1.2304      -1.2362      0.2803           0.0412            1.5360
kat_Geor  1.6897   60.8064  6.1470  3.6665       2.6187      0.0035       1.6473           0.1253            2.1403
ron_Latn  1.6326   58.7523  2.5419  1.8972       0.8676      0.3500       0.7610           0.0780            1.2649
hrv_Latn  1.6259   58.5115  2.1793  2.2709       0.6257      0.2453       1.7305           0.0493            1.0907
fin_Latn  1.6142   58.0903  2.4029  1.8975       0.6573      0.1152       0.0837           0.1168            1.0775
srp_Cyrl  1.6121   58.0130  3.9149  4.2692       2.1046      -0.8072      0.7350           -0.0918           2.1437
tha_Thai  1.5978   57.5015  6.0441  2.8106       1.3814      -0.2093      -0.2614          0.0248            1.6415
vie_Latn  1.5851   57.0441  3.0738  1.8209       1.7399      0.5799       -0.2388          -0.0255           1.8890
ita_Latn  1.5111   54.3801  2.7332  1.5248       0.8107      0.3207       -0.3398          0.1456            1.1770
spa_Latn  1.4359   51.6750  2.9518  1.3745       0.9409      0.4520       -0.6823          0.1212            1.2860
arb_Arab  1.4334   51.5827  3.9001  2.3221       0.9188      -0.5752      -0.5525          -0.0971           1.4199
deu_Latn  1.4266   51.3400  2.9097  1.4221       1.0609      0.5372       -0.4812          0.1285            1.3598
fra_Latn  1.4265   51.3340  3.0202  1.3998       0.9389      0.4382       -0.4129          0.1783            1.2422
amh_Ethi  1.2967   46.6640  4.6943  7.1318       6.3451      -0.9181      -0.4016          0.0168            3.5323
eng_Latn  1.0000   35.9870  3.4920  1.0882       1.0243      0.7509       -0.5329          0.1819            1.2945
jpn_Jpan  0.7414   26.6820  6.0164  3.7196       3.6922      0.2437       -0.7277          0.1943            2.4391
kor_Hang  0.7273   26.1735  5.7834  4.0999       5.0988      -0.2378      -1.3315          -0.0751           3.3110
cmn_Hans  0.5897   21.2207  5.5421  5.2436       4.3725      -0.3492      -0.9534          0.2771            2.5143

# eng_Latn reference (cumulative_mono_0, t_2.2233, t_lower_bound): pps=35.9870	bpp=3.4920
