Language  Premium  PPS       BPP     EntropyMean  EntropyVar  EntropySkew  EntropyKurtosis  EntropyAutocorr1  EntropyVolatility
kat_Geor  3.2613   117.5005  3.1811  3.6665       2.6187      0.0035       1.6473           0.1253            2.1403
srp_Cyrl  2.9717   107.0692  2.1212  4.2692       2.1046      -0.8072      0.7350           -0.0918           2.1437
tam_Taml  2.8923   104.2086  3.8385  2.7725       0.8597      -0.8005      2.8260           0.0640            1.2686
tha_Thai  2.2381   80.6379   4.3099  2.8106       1.3814      -0.2093      -0.2614          0.0248            1.6415
heb_Hebr  2.1748   78.3551   2.2333  2.9024       1.2304      -1.2362      0.2803           0.0412            1.5360
amh_Ethi  2.1705   78.2006   2.8012  7.1318       6.3451      -0.9181      -0.4016          0.0168            3.5323
nya_Latn  2.1333   76.8626   1.8501  2.3172       0.5490      -0.5515      0.6066           0.1596            0.9606
ron_Latn  1.8546   66.8195   2.2350  1.8972       0.8676      0.3500       0.7610           0.0780            1.2649
hrv_Latn  1.8418   66.3581   1.9216  2.2709       0.6257      0.2453       1.7305           0.0493            1.0907
arb_Arab  1.8279   65.8576   3.0548  2.3221       0.9188      -0.5752      -0.5525          -0.0971           1.4199
fin_Latn  1.7701   63.7753   2.1887  1.8975       0.6573      0.1152       0.0837           0.1168            1.0775
vie_Latn  1.6438   59.2257   2.9606  1.8209       1.7399      0.5799       -0.2388          -0.0255           1.8890
ita_Latn  1.6267   58.6078   2.5361  1.5248       0.8107      0.3207       -0.3398          0.1456            1.1770
fra_Latn  1.5049   54.2197   2.8594  1.3998       0.9389      0.4382       -0.4129          0.1783            1.2422
spa_Latn  1.4913   53.7312   2.8389  1.3745       0.9409      0.4520       -0.6823          0.1212            1.2860
deu_Latn  1.4779   53.2477   2.8055  1.4221       1.0609      0.5372       -0.4812          0.1285            1.3598
kor_Hang  1.2377   44.5938   3.3945  4.0999       5.0988      -0.2378      -1.3315          -0.0751           3.3110
jpn_Jpan  1.1153   40.1815   3.9951  3.7196       3.6922      0.2437       -0.7277          0.1943            2.4391
cmn_Hans  1.0272   37.0090   3.1778  5.2436       4.3725      -0.3492      -0.9534          0.2771            2.5143
eng_Latn  1.0000   36.0291   3.4879  1.0882       1.0243      0.7509       -0.5329          0.1819            1.2945

# eng_Latn reference (cumulative_nomono, t_2.8268, t_lower_bound): pps=36.0291	bpp=3.4879
