Language  Premium  PPS      BPP     EntropyMean  EntropyVar  EntropySkew  EntropyKurtosis  EntropyAutocorr1  EntropyVolatility
nya_Latn  1.8025   64.9619  2.1890  2.3172       0.5490      -0.5515      0.6066           0.1596            0.9606
tam_Taml  1.7210   62.0221  6.4493  2.7725       0.8597      -0.8005      2.8260           0.0640            1.2686
ron_Latn  1.5871   57.1986  2.6110  1.8972       0.8676      0.3500       0.7610           0.0780            1.2649
fin_Latn  1.5583   56.1595  2.4855  1.8975       0.6573      0.1152       0.0837           0.1168            1.0775
vie_Latn  1.5526   55.9549  3.1337  1.8209       1.7399      0.5799       -0.2388          -0.0255           1.8890
hrv_Latn  1.5409   55.5336  2.2961  2.2709       0.6257      0.2453       1.7305           0.0493            1.0907
tha_Thai  1.5243   54.9338  6.3266  2.8106       1.3814      -0.2093      -0.2614          0.0248            1.6415
srp_Cyrl  1.5153   54.6088  4.1590  4.2692       2.1046      -0.8072      0.7350           -0.0918           2.1437
ita_Latn  1.4923   53.7813  2.7637  1.5248       0.8107      0.3207       -0.3398          0.1456            1.1770
kat_Geor  1.4902   53.7041  6.9600  3.6665       2.6187      0.0035       1.6473           0.1253            2.1403
deu_Latn  1.4307   51.5627  2.8971  1.4221       1.0609      0.5372       -0.4812          0.1285            1.3598
spa_Latn  1.4247   51.3460  2.9707  1.3745       0.9409      0.4520       -0.6823          0.1212            1.2860
fra_Latn  1.4123   50.8967  3.0461  1.3998       0.9389      0.4382       -0.4129          0.1783            1.2422
heb_Hebr  1.4114   50.8646  3.4403  2.9024       1.2304      -1.2362      0.2803           0.0412            1.5360
arb_Arab  1.3275   47.8415  4.2051  2.3221       0.9188      -0.5752      -0.5525          -0.0971           1.4199
amh_Ethi  1.2514   45.0993  4.8571  7.1318       6.3451      -0.9181      -0.4016          0.0168            3.5323
eng_Latn  1.0000   36.0391  3.4870  1.0882       1.0243      0.7509       -0.5329          0.1819            1.2945
jpn_Jpan  0.7201   25.9529  6.1854  3.7196       3.6922      0.2437       -0.7277          0.1943            2.4391
kor_Hang  0.7032   25.3410  5.9734  4.0999       5.0988      -0.2378      -1.3315          -0.0751           3.3110
cmn_Hans  0.5685   20.4895  5.7399  5.2436       4.3725      -0.3492      -0.9534          0.2771            2.5143

# eng_Latn reference (cumulative_mono_rel0p25, t_1.9904, t_lower_bound): pps=36.0391	bpp=3.4870
