Language  Premium  PPS      BPP     EntropyMean  EntropyVar  EntropySkew  EntropyKurtosis  EntropyAutocorr1  EntropyVolatility
deu_Latn  1.1996   39.2849  7.4837  1.3080       1.1640      0.6895       -0.4118          0.1296            1.4235
nya_Latn  1.1559   37.8536  7.4967  1.2146       0.8825      0.5576       -0.5442          0.2999            1.1116
spa_Latn  1.1418   37.3912  8.0038  1.2754       0.9936      0.5414       -0.7345          0.1400            1.3073
kat_Geor  1.1151   36.5155  7.5780  1.1931       1.0231      0.6756       -0.4913          0.2436            1.2441
ron_Latn  1.1008   36.0481  7.8487  1.3556       1.0122      0.5101       -0.5841          0.1627            1.3020
fra_Latn  1.0976   35.9418  8.3043  1.2414       1.0006      0.6122       -0.3257          0.2054            1.2610
vie_Latn  1.0933   35.8034  7.3952  1.3526       1.2955      0.3905       -1.0770          0.1074            1.5208
ita_Latn  1.0914   35.7392  8.2561  1.3201       0.9239      0.5082       -0.5873          0.1761            1.2339
tha_Thai  1.0519   34.4483  7.0035  1.3909       1.3309      0.2855       -1.2530          0.0587            1.5828
tam_Taml  1.0386   34.0100  8.6191  1.1658       0.8753      0.5618       -0.4043          0.3556            1.0622
hrv_Latn  1.0164   33.2828  7.4658  1.4946       1.0147      0.5284       -0.3542          0.1490            1.3141
srp_Cyrl  1.0135   33.1886  7.5255  1.3481       0.9955      0.6123       -0.3927          0.0993            1.3391
eng_Latn  1.0000   32.7472  7.6691  1.3522       1.1022      0.5492       -0.6706          0.1478            1.3707
fin_Latn  0.9908   32.4443  8.2811  1.3803       0.8533      0.4588       -0.4260          0.2216            1.1525
arb_Arab  0.9145   29.9488  7.4064  1.5898       1.0216      0.0771       -0.9501          0.1476            1.3197
amh_Ethi  0.7546   24.7101  6.9106  1.9360       1.8721      0.3281       -0.9942          0.1854            1.7464
heb_Hebr  0.7149   23.4102  8.3548  1.6889       0.9446      -0.0283      -0.7547          0.2923            1.1562
jpn_Jpan  0.6609   21.6439  5.0659  2.9986       3.4154      0.3087       -0.7221          0.1681            2.3839
kor_Hang  0.6015   19.6961  6.4176  2.6469       3.4615      0.3300       -0.9331          -0.0125           2.6475
cmn_Hans  0.5226   17.1133  4.9442  4.7224       2.9339      -0.3714      -0.2650          0.1577            2.2231

# eng_Latn reference (raw_monotonicity, t_0.7050, t_anchor): pps=32.7472	bpp=7.6691
