Language  Premium  PPS      BPP     EntropyMean  EntropyVar  EntropySkew  EntropyKurtosis  EntropyAutocorr1  EntropyVolatility
ita_Latn  1.1519   37.7553  7.8152  1.3201       0.9239      0.5082       -0.5873          0.1761            1.2339
spa_Latn  1.1321   37.1053  8.0655  1.2754       0.9936      0.5414       -0.7345          0.1400            1.3073
ron_Latn  1.1294   37.0171  7.6433  1.3556       1.0122      0.5101       -0.5841          0.1627            1.3020
deu_Latn  1.1214   36.7543  7.9990  1.3080       1.1640      0.6895       -0.4118          0.1296            1.4235
fin_Latn  1.1008   36.0782  7.4470  1.3803       0.8533      0.4588       -0.4260          0.2216            1.1525
fra_Latn  1.0938   35.8495  8.3257  1.2414       1.0006      0.6122       -0.3257          0.2054            1.2610
hrv_Latn  1.0856   35.5817  6.9835  1.4946       1.0147      0.5284       -0.3542          0.1490            1.3141
vie_Latn  1.0274   33.6730  7.8631  1.3526       1.2955      0.3905       -1.0770          0.1074            1.5208
nya_Latn  1.0265   33.6439  8.4347  1.2146       0.8825      0.5576       -0.5442          0.2999            1.1116
tam_Taml  1.0217   33.4875  8.7536  1.1658       0.8753      0.5618       -0.4043          0.3556            1.0622
arb_Arab  1.0162   33.3049  6.6601  1.5898       1.0216      0.0771       -0.9501          0.1476            1.3197
eng_Latn  1.0000   32.7753  7.6625  1.3522       1.1022      0.5492       -0.6706          0.1478            1.3707
srp_Cyrl  0.9905   32.4654  7.6931  1.3481       0.9955      0.6123       -0.3927          0.0993            1.3391
kat_Geor  0.9735   31.9077  8.6724  1.1931       1.0231      0.6756       -0.4913          0.2436            1.2441
heb_Hebr  0.9587   31.4203  6.2249  1.6889       0.9446      -0.0283      -0.7547          0.2923            1.1562
tha_Thai  0.9566   31.3541  7.6947  1.3909       1.3309      0.2855       -1.2530          0.0587            1.5828
cmn_Hans  0.9520   31.2016  2.7118  4.7224       2.9339      -0.3714      -0.2650          0.1577            2.2231
amh_Ethi  0.8953   29.3450  5.8191  1.9360       1.8721      0.3281       -0.9942          0.1854            1.7464
kor_Hang  0.8375   27.4493  4.6049  2.6469       3.4615      0.3300       -0.9331          -0.0125           2.6475
jpn_Jpan  0.7987   26.1785  4.1884  2.9986       3.4154      0.3087       -0.7221          0.1681            2.3839

# eng_Latn reference (cumulative_nomono, t_4.2315, t_anchor): pps=32.7753	bpp=7.6625
