Language  Premium  PPS      BPP     EntropyMean  EntropyVar  EntropySkew  EntropyKurtosis  EntropyAutocorr1  EntropyVolatility
vie_Latn  1.3892   45.4804  5.8217  1.3526       1.2955      0.3905       -1.0770          0.1074            1.5208
arb_Arab  1.3803   45.1886  4.9086  1.5898       1.0216      0.0771       -0.9501          0.1476            1.3197
heb_Hebr  1.3360   43.7412  4.4715  1.6889       0.9446      -0.0283      -0.7547          0.2923            1.1562
tha_Thai  1.2916   42.2869  5.7053  1.3909       1.3309      0.2855       -1.2530          0.0587            1.5828
amh_Ethi  1.1995   39.2718  4.3482  1.9360       1.8721      0.3281       -0.9942          0.1854            1.7464
cmn_Hans  1.1914   39.0050  2.1693  4.7224       2.9339      -0.3714      -0.2650          0.1577            2.2231
kor_Hang  1.1730   38.4022  3.2915  2.6469       3.4615      0.3300       -0.9331          -0.0125           2.6475
jpn_Jpan  1.1092   36.3129  3.0194  2.9986       3.4154      0.3087       -0.7221          0.1681            2.3839
spa_Latn  1.1047   36.1675  8.2746  1.2754       0.9936      0.5414       -0.7345          0.1400            1.3073
ron_Latn  1.0998   36.0070  7.8577  1.3556       1.0122      0.5101       -0.5841          0.1627            1.3020
deu_Latn  1.0881   35.6249  8.2526  1.3080       1.1640      0.6895       -0.4118          0.1296            1.4235
ita_Latn  1.0881   35.6239  8.2828  1.3201       0.9239      0.5082       -0.5873          0.1761            1.2339
hrv_Latn  1.0693   35.0080  7.0979  1.4946       1.0147      0.5284       -0.3542          0.1490            1.3141
fra_Latn  1.0469   34.2748  8.7082  1.2414       1.0006      0.6122       -0.3257          0.2054            1.2610
nya_Latn  1.0325   33.8044  8.3946  1.2146       0.8825      0.5576       -0.5442          0.2999            1.1116
eng_Latn  1.0000   32.7392  7.6710  1.3522       1.1022      0.5492       -0.6706          0.1478            1.3707
tam_Taml  0.9998   32.7342  8.9550  1.1658       0.8753      0.5618       -0.4043          0.3556            1.0622
fin_Latn  0.9658   31.6209  8.4968  1.3803       0.8533      0.4588       -0.4260          0.2216            1.1525
srp_Cyrl  0.9522   31.1745  8.0116  1.3481       0.9955      0.6123       -0.3927          0.0993            1.3391
kat_Geor  0.9431   30.8756  8.9623  1.1931       1.0231      0.6756       -0.4913          0.2436            1.2441

# eng_Latn reference (raw_entropy, t_2.0308, t_anchor): pps=32.7392	bpp=7.6710
