Language  Premium  PPS      BPP     EntropyTotal  EntropyMean  EntropyVar  EntropySkew  EntropyKurtosis  EntropyAutocorr1  EntropyVolatility
ita_Latn  1.1502   37.6931  7.8281  194175.9040   1.3201       0.9239      0.5082       -0.5873          0.1761            1.2339
spa_Latn  1.1437   37.4804  7.9847  190279.3968   1.2754       0.9936      0.5414       -0.7345          0.1400            1.3073
deu_Latn  1.1436   37.4774  7.8447  191702.1687   1.3080       1.1640      0.6895       -0.4118          0.1296            1.4235
ron_Latn  1.1151   36.5416  7.7428  191203.1694   1.3556       1.0122      0.5101       -0.5841          0.1627            1.3020
fra_Latn  1.1015   36.0953  8.2690  184699.2607   1.2414       1.0006      0.6122       -0.3257          0.2054            1.2610
fin_Latn  1.0889   35.6830  7.5295  184868.8117   1.3803       0.8533      0.4588       -0.4260          0.2216            1.1525
hrv_Latn  1.0827   35.4814  7.0032  185133.5537   1.4946       1.0147      0.5284       -0.3542          0.1490            1.3141
nya_Latn  1.0421   34.1515  8.3093  171819.9034   1.2146       0.8825      0.5576       -0.5442          0.2999            1.1116
vie_Latn  1.0225   33.5065  7.9022  178526.7539   1.3526       1.2955      0.3905       -1.0770          0.1074            1.5208
srp_Cyrl  1.0028   32.8626  7.6001  167849.9912   1.3481       0.9955      0.6123       -0.3927          0.0993            1.3391
eng_Latn  1.0000   32.7703  7.6637  169284.8147   1.3522       1.1022      0.5492       -0.6706          0.1478            1.3707
kat_Geor  0.9991   32.7402  8.4519  164574.3012   1.1931       1.0231      0.6756       -0.4913          0.2436            1.2441
tam_Taml  0.9845   32.2638  9.0856  170359.7088   1.1658       0.8753      0.5618       -0.4043          0.3556            1.0622
tha_Thai  0.9532   31.2377  7.7233  167275.9229   1.3909       1.3309      0.2855       -1.2530          0.0587            1.5828
arb_Arab  0.9204   30.1615  7.3542  175795.2549   1.5898       1.0216      0.0771       -0.9501          0.1476            1.3197
amh_Ethi  0.8826   28.9238  5.9039  164804.0627   1.9360       1.8721      0.3281       -0.9942          0.1854            1.7464
heb_Hebr  0.8288   27.1615  7.2010  164668.6045   1.6889       0.9446      -0.0283      -0.7547          0.2923            1.1562
jpn_Jpan  0.7286   23.8776  4.5920  163896.9610   2.9986       3.4154      0.3087       -0.7221          0.1681            2.3839
kor_Hang  0.6784   22.2327  5.6854  166783.4383   2.6469       3.4615      0.3300       -0.9331          -0.0125           2.6475
cmn_Hans  0.6574   21.5426  3.9276  199184.9589   4.7224       2.9339      -0.3714      -0.2650          0.1577            2.2231

# eng_Latn reference (cumulative_mono_0, t_3.4279, t_anchor): pps=32.7703	bpp=7.6637
