Language  Premium  PPS       BPP     EntropyMean  EntropyVar  EntropySkew  EntropyKurtosis  EntropyAutocorr1  EntropyVolatility
tam_Taml  3.6040   129.7974  3.0817  1.0296       0.9266      0.7842       -0.8247          -0.4460           1.6370
kat_Geor  3.5417   127.5537  2.9304  1.3694       1.9535      0.5694       -1.4568          -0.4103           2.3474
srp_Cyrl  2.9354   105.7202  2.1483  2.3646       1.5654      -0.0448      -1.7470          -0.6842           2.2962
tha_Thai  2.9122   104.8816  3.3137  0.9909       1.1738      1.1388       -0.2451          -0.3408           1.7742
amh_Ethi  2.5287   91.0712   2.4053  2.7971       0.7736      -0.4933      -0.8052          -0.1665           1.3434
arb_Arab  2.2799   82.1123   2.4501  1.2928       0.4725      0.5239       -0.6872          -0.3667           1.1365
heb_Hebr  2.2077   79.5115   2.2008  1.6378       1.5518      0.1202       -1.8717          -0.7842           2.3532
kor_Hang  1.7435   62.7914   2.4107  1.7424       0.7243      0.1995       -0.5579          0.0416            1.1782
nya_Latn  1.6541   59.5717   2.3871  2.3123       0.5504      -0.6023      0.4802           0.1607            0.9612
vie_Latn  1.6118   58.0481   3.0207  1.3760       0.8855      0.4377       -0.8109          -0.0099           1.3374
ron_Latn  1.5939   57.4042   2.6016  1.8004       0.7836      -0.0710      -0.5917          0.1168            1.1765
jpn_Jpan  1.5317   55.1645   2.9100  1.2989       0.8976      0.6057       -0.4848          0.1327            1.2478
fin_Latn  1.5175   54.6540   2.5540  1.8263       0.6869      -0.0217      -0.2302          0.1402            1.0868
hrv_Latn  1.4838   53.4403   2.3861  2.2131       0.5256      -0.3455      0.2096           0.0804            0.9832
cmn_Hans  1.4703   52.9519   2.2210  1.9290       0.8844      -0.1378      -0.4529          0.0927            1.2668
ita_Latn  1.4628   52.6810   2.8214  1.5139       0.7974      0.2478       -0.6839          0.1650            1.1540
deu_Latn  1.4413   51.9097   2.8778  1.3996       1.0343      0.5344       -0.5527          0.1303            1.3413
fra_Latn  1.4189   51.1033   3.0338  1.3478       0.8843      0.3596       -0.8204          0.1848            1.2007
spa_Latn  1.4131   50.8917   2.9973  1.3485       0.9081      0.4388       -0.7899          0.1339            1.2542
eng_Latn  1.0000   36.0150   3.4893  1.0874       1.0221      0.7462       -0.5605          0.1813            1.2937

# eng_Latn reference (cumulative_mono_rel0p5, t_1.6728, t_lower_bound): pps=36.0150	bpp=3.4893
