Language  Premium  PPS       BPP     EntropyTotal  EntropyMean  EntropyVar  EntropySkew  EntropyKurtosis  EntropyAutocorr1  EntropyVolatility
tam_Taml  3.5134   126.4704  3.1628  410591.9961   1.0296       0.9266      0.7842       -0.8247          -0.4460           1.6370
kat_Geor  3.4708   124.9388  2.9917  510315.7132   1.3694       1.9535      0.5694       -1.4568          -0.4103           2.3474
srp_Cyrl  3.0377   109.3480  2.0770  535434.5846   2.3646       1.5654      -0.0448      -1.7470          -0.6842           2.2962
amh_Ethi  2.8724   103.3982  2.1185  610874.8469   2.7971       0.7736      -0.4933      -0.8052          -0.1665           1.3434
tha_Thai  2.7822   100.1505  3.4702  343334.5682   0.9909       1.1738      1.1388       -0.2451          -0.3408           1.7742
heb_Hebr  2.2073   79.4544   2.2024  285743.7087   1.6378       1.5518      0.1202       -1.8717          -0.7842           2.3532
arb_Arab  2.1908   78.8626   2.5510  259299.5504   1.2928       0.4725      0.5239       -0.6872          -0.3667           1.1365
nya_Latn  1.9536   70.3250   2.0221  327824.8178   2.3123       0.5504      -0.6023      0.4802           0.1607            0.9612
kor_Hang  1.7473   62.8987   2.4066  262965.7502   1.7424       0.7243      0.1995       -0.5579          0.0416            1.1782
ron_Latn  1.6867   60.7151   2.4597  268075.2308   1.8004       0.7836      -0.0710      -0.5917          0.1168            1.1765
vie_Latn  1.6842   60.6249   2.8923  240549.1985   1.3760       0.8855      0.4377       -0.8109          -0.0099           1.3374
hrv_Latn  1.6771   60.3711   2.1121  281346.1459   2.2131       0.5256      -0.3455      0.2096           0.0804            0.9832
fin_Latn  1.6452   59.2227   2.3569  254162.9283   1.8263       0.6869      -0.0217      -0.2302          0.1402            1.0868
ita_Latn  1.5142   54.5055   2.7270  224338.2902   1.5139       0.7974      0.2478       -0.6839          0.1650            1.1540
cmn_Hans  1.4774   53.1836   2.2113  226179.7999   1.9290       0.8844      -0.1378      -0.4529          0.0927            1.2668
jpn_Jpan  1.4547   52.3631   3.0657  207891.0854   1.2989       0.8976      0.6057       -0.4848          0.1327            1.2478
fra_Latn  1.4523   52.2768   2.9657  208336.9512   1.3478       0.8843      0.3596       -0.8204          0.1848            1.2007
spa_Latn  1.4428   51.9348   2.9371  205080.7490   1.3485       0.9081      0.4388       -0.7899          0.1339            1.2542
deu_Latn  1.4377   51.7543   2.8864  208453.1885   1.3996       1.0343      0.5344       -0.5527          0.1303            1.3413
eng_Latn  1.0000   35.9970   3.4910  136244.2269   1.0874       1.0221      0.7462       -0.5605          0.1813            1.2937

# eng_Latn reference (cumulative_mono_0, t_2.2233, t_lower_bound): pps=35.9970	bpp=3.4910
