Language  Premium  PPS       BPP     EntropyMean  EntropyVar  EntropySkew  EntropyKurtosis  EntropyAutocorr1  EntropyVolatility
tam_Taml  3.5885   129.0381  3.0999  1.0296       0.9266      0.7842       -0.8247          -0.4460           1.6370
kat_Geor  3.4895   125.4774  2.9789  1.3694       1.9535      0.5694       -1.4568          -0.4103           2.3474
srp_Cyrl  3.0094   108.2136  2.0988  2.3646       1.5654      -0.0448      -1.7470          -0.6842           2.2962
tha_Thai  2.8349   101.9398  3.4093  0.9909       1.1738      1.1388       -0.2451          -0.3408           1.7742
amh_Ethi  2.7040   97.2327   2.2529  2.7971       0.7736      -0.4933      -0.8052          -0.1665           1.3434
arb_Arab  2.2351   80.3711   2.5031  1.2928       0.4725      0.5239       -0.6872          -0.3667           1.1365
heb_Hebr  2.2097   79.4574   2.2023  1.6378       1.5518      0.1202       -1.8717          -0.7842           2.3532
nya_Latn  1.8080   65.0150   2.1872  2.3123       0.5504      -0.6023      0.4802           0.1607            0.9612
kor_Hang  1.7402   62.5747   2.4191  1.7424       0.7243      0.1995       -0.5579          0.0416            1.1782
ron_Latn  1.6461   59.1926   2.5230  1.8004       0.7836      -0.0710      -0.5917          0.1168            1.1765
vie_Latn  1.6451   59.1545   2.9642  1.3760       0.8855      0.4377       -0.8109          -0.0099           1.3374
fin_Latn  1.5978   57.4544   2.4295  1.8263       0.6869      -0.0217      -0.2302          0.1402            1.0868
hrv_Latn  1.5941   57.3210   2.2245  2.2131       0.5256      -0.3455      0.2096           0.0804            0.9832
ita_Latn  1.4946   53.7442   2.7656  1.5139       0.7974      0.2478       -0.6839          0.1650            1.1540
cmn_Hans  1.4883   53.5165   2.1976  1.9290       0.8844      -0.1378      -0.4529          0.0927            1.2668
jpn_Jpan  1.4809   53.2518   3.0145  1.2989       0.8976      0.6057       -0.4848          0.1327            1.2478
deu_Latn  1.4428   51.8816   2.8793  1.3996       1.0343      0.5344       -0.5527          0.1303            1.3413
fra_Latn  1.4416   51.8395   2.9907  1.3478       0.8843      0.3596       -0.8204          0.1848            1.2007
spa_Latn  1.4325   51.5095   2.9613  1.3485       0.9081      0.4388       -0.7899          0.1339            1.2542
eng_Latn  1.0000   35.9589   3.4947  1.0874       1.0221      0.7462       -0.5605          0.1813            1.2937

# eng_Latn reference (cumulative_mono_rel0p25, t_2.0116, t_lower_bound): pps=35.9589	bpp=3.4947
