Language  Premium  PPS       BPP     EntropyMean  EntropyVar  EntropySkew  EntropyKurtosis  EntropyAutocorr1  EntropyVolatility
amh_Ethi  4.0294   145.1956  1.5087  2.7971       0.7736      -0.4933      -0.8052          -0.1665           1.3434
kat_Geor  3.5536   128.0522  2.9190  1.3694       1.9535      0.5694       -1.4568          -0.4103           2.3474
tam_Taml  3.3699   121.4303  3.2941  1.0296       0.9266      0.7842       -0.8247          -0.4460           1.6370
srp_Cyrl  3.3011   118.9519  1.9093  2.3646       1.5654      -0.0448      -1.7470          -0.6842           2.2962
tha_Thai  2.5751   92.7914   3.7454  0.9909       1.1738      1.1388       -0.2451          -0.3408           1.7742
heb_Hebr  2.2067   79.5165   2.2007  1.6378       1.5518      0.1202       -1.8717          -0.7842           2.3532
nya_Latn  2.1334   76.8736   1.8498  2.3123       0.5504      -0.6023      0.4802           0.1607            0.9612
arb_Arab  2.0725   74.6810   2.6939  1.2928       0.4725      0.5239       -0.6872          -0.3667           1.1365
kor_Hang  1.9270   69.4373   2.1800  1.7424       0.7243      0.1995       -0.5579          0.0416            1.1782
ron_Latn  1.8857   67.9509   2.1978  1.8004       0.7836      -0.0710      -0.5917          0.1168            1.1765
hrv_Latn  1.8690   67.3490   1.8933  2.2131       0.5256      -0.3455      0.2096           0.0804            0.9832
fin_Latn  1.7782   64.0762   2.1784  1.8263       0.6869      -0.0217      -0.2302          0.1402            1.0868
vie_Latn  1.7534   63.1805   2.7753  1.3760       0.8855      0.4377       -0.8109          -0.0099           1.3374
ita_Latn  1.6292   58.7071   2.5318  1.5139       0.7974      0.2478       -0.6839          0.1650            1.1540
cmn_Hans  1.6020   57.7262   2.0373  1.9290       0.8844      -0.1378      -0.4529          0.0927            1.2668
jpn_Jpan  1.5394   55.4694   2.8940  1.2989       0.8976      0.6057       -0.4848          0.1327            1.2478
fra_Latn  1.5175   54.6830   2.8352  1.3478       0.8843      0.3596       -0.8204          0.1848            1.2007
spa_Latn  1.4963   53.9178   2.8290  1.3485       0.9081      0.4388       -0.7899          0.1339            1.2542
deu_Latn  1.4824   53.4162   2.7966  1.3996       1.0343      0.5344       -0.5527          0.1303            1.3413
eng_Latn  1.0000   36.0341   3.4874  1.0874       1.0221      0.7462       -0.5605          0.1813            1.2937

# eng_Latn reference (cumulative_nomono, t_2.8268, t_lower_bound): pps=36.0341	bpp=3.4874
