Language  Premium  PPS      BPP      EntropyMean  EntropyVar  EntropySkew  EntropyKurtosis  EntropyAutocorr1  EntropyVolatility
cmn_Hans  1.2298   28.2598  4.1616   1.6977       0.9376      0.0188       -0.6189          0.1144            1.2887
tha_Thai  1.1661   26.7954  12.9703  0.5193       0.6116      1.8363       2.5044           -0.0630           1.1403
tam_Taml  1.1633   26.7312  14.9638  0.4451       0.4601      1.9074       2.9577           -0.1638           1.0348
arb_Arab  1.1595   26.6439  7.5507   0.8797       0.5008      0.9342       0.0407           -0.0613           1.0310
deu_Latn  1.1376   26.1404  5.7147   1.2197       1.1094      0.7183       -0.4670          0.1435            1.3786
ita_Latn  1.1292   25.9468  5.7284   1.2034       0.9079      0.5715       -0.6592          0.2041            1.2021
fin_Latn  1.1268   25.8937  5.3906   1.2771       0.8716      0.4791       -0.5946          0.2399            1.1511
srp_Cyrl  1.1203   25.7442  8.8220   0.7498       0.4929      1.3491       1.5876           0.0180            0.9839
spa_Latn  1.1193   25.7202  5.9306   1.1670       0.9697      0.6544       -0.6474          0.1558            1.2796
vie_Latn  1.1076   25.4514  6.8894   0.9906       0.9049      0.8695       -0.3379          0.0820            1.2889
ron_Latn  1.1066   25.4283  5.8731   1.1785       0.9862      0.6011       -0.7024          0.2076            1.2502
amh_Ethi  1.0966   25.1996  8.6927   0.7684       0.5794      0.8424       -0.1115          0.0404            1.0545
hrv_Latn  1.0946   25.1535  5.0694   1.3718       0.9873      0.4644       -0.7465          0.1913            1.2637
fra_Latn  1.0935   25.1264  6.1703   1.1177       0.9373      0.6412       -0.6562          0.2015            1.2234
jpn_Jpan  1.0927   25.1083  6.3935   1.0776       0.8604      0.8040       -0.0783          0.2178            1.1601
kat_Geor  1.0911   25.0722  14.9081  0.4588       0.6353      1.9131       2.6736           -0.1938           1.2316
kor_Hang  1.0874   24.9880  6.0578   1.1228       0.7460      0.6376       -0.1882          0.2439            1.0621
heb_Hebr  1.0241   23.5326  7.4360   0.9397       1.0499      0.7163       -1.0760          -0.5683           1.8146
nya_Latn  1.0136   23.2919  6.1053   1.1175       0.8585      0.6255       -0.5559          0.3075            1.0904
eng_Latn  1.0000   22.9789  5.4688   1.2724       1.0397      0.5747       -0.7007          0.1582            1.3231

# eng_Latn reference (cumulative_nomono, t_6.0395, t_upper_bound): pps=22.9789	bpp=5.4688
