Language  Premium  PPS      BPP      EntropyMean  EntropyVar  EntropySkew  EntropyKurtosis  EntropyAutocorr1  EntropyVolatility
tha_Thai  1.3818   31.8074  10.9265  0.5193       0.6116      1.8363       2.5044           -0.0630           1.1403
tam_Taml  1.3769   31.6931  12.6211  0.4451       0.4601      1.9074       2.9577           -0.1638           1.0348
kat_Geor  1.3675   31.4764  11.8749  0.4588       0.6353      1.9131       2.6736           -0.1938           1.2316
heb_Hebr  1.2984   29.8867  5.8551   0.9397       1.0499      0.7163       -1.0760          -0.5683           1.8146
amh_Ethi  1.2826   29.5226  7.4199   0.7684       0.5794      0.8424       -0.1115          0.0404            1.0545
arb_Arab  1.2686   29.2006  6.8896   0.8797       0.5008      0.9342       0.0407           -0.0613           1.0310
srp_Cyrl  1.2271   28.2457  8.0407   0.7498       0.4929      1.3491       1.5876           0.0180            0.9839
vie_Latn  1.1915   27.4263  6.3933   0.9906       0.9049      0.8695       -0.3379          0.0820            1.2889
cmn_Hans  1.1674   26.8716  4.3766   1.6977       0.9376      0.0188       -0.6189          0.1144            1.2887
jpn_Jpan  1.1655   26.8265  5.9840   1.0776       0.8604      0.8040       -0.0783          0.2178            1.1601
deu_Latn  1.1643   26.7994  5.5742   1.2197       1.1094      0.7183       -0.4670          0.1435            1.3786
kor_Hang  1.1401   26.2437  5.7679   1.1228       0.7460      0.6376       -0.1882          0.2439            1.0621
spa_Latn  1.1140   25.6419  5.9487   1.1670       0.9697      0.6544       -0.6474          0.1558            1.2796
fra_Latn  1.0975   25.2628  6.1370   1.1177       0.9373      0.6412       -0.6562          0.2015            1.2234
ron_Latn  1.0943   25.1886  5.9290   1.1785       0.9862      0.6011       -0.7024          0.2076            1.2502
ita_Latn  1.0930   25.1585  5.9079   1.2034       0.9079      0.5715       -0.6592          0.2041            1.2021
hrv_Latn  1.0498   24.1645  5.2769   1.3718       0.9873      0.4644       -0.7465          0.1913            1.2637
fin_Latn  1.0424   23.9950  5.8172   1.2771       0.8716      0.4791       -0.5946          0.2399            1.1511
nya_Latn  1.0113   23.2788  6.1087   1.1175       0.8585      0.6255       -0.5559          0.3075            1.0904
eng_Latn  1.0000   23.0181  5.4595   1.2724       1.0397      0.5747       -0.7007          0.1582            1.3231

# eng_Latn reference (cumulative_mono_rel0p5, t_4.1178, t_upper_bound): pps=23.0181	bpp=5.4595
