Language  Premium  PPS      BPP      EntropyMean  EntropyVar  EntropySkew  EntropyKurtosis  EntropyAutocorr1  EntropyVolatility
tha_Thai  1.3227   30.4253  11.4229  0.5193       0.6116      1.8363       2.5044           -0.0630           1.1403
tam_Taml  1.3175   30.3059  13.1988  0.4451       0.4601      1.9074       2.9577           -0.1638           1.0348
arb_Arab  1.2743   29.3119  6.8634   0.8797       0.5008      0.9342       0.0407           -0.0613           1.0310
cmn_Hans  1.2631   29.0562  4.0476   1.6977       0.9376      0.0188       -0.6189          0.1144            1.2887
srp_Cyrl  1.2318   28.3350  8.0154   0.7498       0.4929      1.3491       1.5876           0.0180            0.9839
amh_Ethi  1.2318   28.3360  7.7306   0.7684       0.5794      0.8424       -0.1115          0.0404            1.0545
kat_Geor  1.2301   28.2959  13.2097  0.4588       0.6353      1.9131       2.6736           -0.1938           1.2316
heb_Hebr  1.1697   26.9067  6.5035   0.9397       1.0499      0.7163       -1.0760          -0.5683           1.8146
deu_Latn  1.1560   26.5908  5.6179   1.2197       1.1094      0.7183       -0.4670          0.1435            1.3786
vie_Latn  1.1495   26.4413  6.6315   0.9906       0.9049      0.8695       -0.3379          0.0820            1.2889
jpn_Jpan  1.1470   26.3842  6.0843   1.0776       0.8604      0.8040       -0.0783          0.2178            1.1601
kor_Hang  1.1456   26.3521  5.7442   1.1228       0.7460      0.6376       -0.1882          0.2439            1.0621
ita_Latn  1.1338   26.0812  5.6989   1.2034       0.9079      0.5715       -0.6592          0.2041            1.2021
spa_Latn  1.1243   25.8626  5.8979   1.1670       0.9697      0.6544       -0.6474          0.1558            1.2796
fin_Latn  1.1235   25.8445  5.4009   1.2771       0.8716      0.4791       -0.5946          0.2399            1.1511
ron_Latn  1.1115   25.5667  5.8413   1.1785       0.9862      0.6011       -0.7024          0.2076            1.2502
fra_Latn  1.1009   25.3230  6.1224   1.1177       0.9373      0.6412       -0.6562          0.2015            1.2234
hrv_Latn  1.0842   24.9388  5.1130   1.3718       0.9873      0.4644       -0.7465          0.1913            1.2637
nya_Latn  1.0516   24.1906  5.8785   1.1175       0.8585      0.6255       -0.5559          0.3075            1.0904
eng_Latn  1.0000   23.0030  5.4631   1.2724       1.0397      0.5747       -0.7007          0.1582            1.3231

# eng_Latn reference (cumulative_mono_0, t_5.0787, t_upper_bound): pps=23.0030	bpp=5.4631
