Language  Premium  PPS      BPP      EntropyMean  EntropyVar  EntropySkew  EntropyKurtosis  EntropyAutocorr1  EntropyVolatility
tha_Thai  1.3750   31.6790  10.9708  0.5193       0.6116      1.8363       2.5044           -0.0630           1.1403
tam_Taml  1.3727   31.6259  12.6479  0.4451       0.4601      1.9074       2.9577           -0.1638           1.0348
arb_Arab  1.3164   30.3280  6.6335   0.8797       0.5008      0.9342       0.0407           -0.0613           1.0310
kat_Geor  1.2950   29.8355  12.5280  0.4588       0.6353      1.9131       2.6736           -0.1938           1.2316
amh_Ethi  1.2717   29.2999  7.4762   0.7684       0.5794      0.8424       -0.1115          0.0404            1.0545
srp_Cyrl  1.2649   29.1414  7.7936   0.7498       0.4929      1.3491       1.5876           0.0180            0.9839
cmn_Hans  1.2471   28.7312  4.0933   1.6977       0.9376      0.0188       -0.6189          0.1144            1.2887
heb_Hebr  1.2359   28.4734  6.1457   0.9397       1.0499      0.7163       -1.0760          -0.5683           1.8146
jpn_Jpan  1.1752   27.0762  5.9288   1.0776       0.8604      0.8040       -0.0783          0.2178            1.1601
kor_Hang  1.1694   26.9428  5.6183   1.1228       0.7460      0.6376       -0.1882          0.2439            1.0621
deu_Latn  1.1658   26.8596  5.5617   1.2197       1.1094      0.7183       -0.4670          0.1435            1.3786
vie_Latn  1.1561   26.6359  6.5830   0.9906       0.9049      0.8695       -0.3379          0.0820            1.2889
spa_Latn  1.1206   25.8185  5.9080   1.1670       0.9697      0.6544       -0.6474          0.1558            1.2796
ita_Latn  1.1193   25.7884  5.7636   1.2034       0.9079      0.5715       -0.6592          0.2041            1.2021
ron_Latn  1.1068   25.4995  5.8567   1.1785       0.9862      0.6011       -0.7024          0.2076            1.2502
fra_Latn  1.1053   25.4644  6.0884   1.1177       0.9373      0.6412       -0.6562          0.2015            1.2234
fin_Latn  1.0933   25.1886  5.5416   1.2771       0.8716      0.4791       -0.5946          0.2399            1.1511
hrv_Latn  1.0741   24.7462  5.1528   1.3718       0.9873      0.4644       -0.7465          0.1913            1.2637
nya_Latn  1.0524   24.2467  5.8649   1.1175       0.8585      0.6255       -0.5559          0.3075            1.0904
eng_Latn  1.0000   23.0391  5.4545   1.2724       1.0397      0.5747       -0.7007          0.1582            1.3231

# eng_Latn reference (cumulative_mono_rel0p25, t_4.6211, t_upper_bound): pps=23.0391	bpp=5.4545
