Language  Premium  PPS      BPP     EntropyMean  EntropyVar  EntropySkew  EntropyKurtosis  EntropyAutocorr1  EntropyVolatility
ita_Latn  1.1637   41.9198  7.0388  0.6621       0.8731      1.3087       0.5992           -0.4730           1.6037
spa_Latn  1.1406   41.0893  7.2835  0.6397       0.8771      1.3906       0.7740           -0.4361           1.5872
ron_Latn  1.1355   40.9027  6.9172  0.6803       0.9307      1.3145       0.5906           -0.4576           1.6472
deu_Latn  1.1236   40.4744  7.2638  0.6561       0.9530      1.4971       1.2324           -0.4008           1.6340
fin_Latn  1.1144   40.1434  6.6929  0.6919       0.8801      1.2118       0.3999           -0.5156           1.6334
fra_Latn  1.1062   39.8485  7.4902  0.6226       0.8492      1.4120       0.8781           -0.4117           1.5485
hrv_Latn  1.0953   39.4554  6.2978  0.7494       1.0075      1.2103       0.3656           -0.5034           1.7405
nya_Latn  1.0352   37.2909  7.6098  0.6086       0.7830      1.3858       0.8411           -0.4386           1.5010
tam_Taml  1.0304   37.1194  7.8971  0.5854       0.7546      1.3891       0.7653           -0.4168           1.4623
vie_Latn  1.0215   36.7974  7.1955  0.6781       1.0269      1.3161       0.2881           -0.3796           1.6833
arb_Arab  1.0159   36.5968  6.0610  0.8017       0.9955      0.9394       -0.6065          -0.4942           1.7248
srp_Cyrl  1.0063   36.2508  6.8898  0.6790       0.9192      1.3521       0.7578           -0.4556           1.6358
eng_Latn  1.0000   36.0231  6.9717  0.6780       0.9735      1.3851       0.7900           -0.4377           1.6731
kat_Geor  0.9840   35.4483  7.8062  0.6001       0.8257      1.5011       1.1545           -0.3815           1.5104
cmn_Hans  0.9657   34.7884  2.4322  2.3793       3.0629      0.0901       -1.4547          -0.5768           3.1080
tha_Thai  0.9601   34.5868  6.9755  0.6999       1.0716      1.2526       0.0887           -0.3795           1.7195
heb_Hebr  0.9545   34.3842  5.6883  0.8497       1.0971      0.8489       -0.7852          -0.5711           1.8567
amh_Ethi  0.9264   33.3701  5.1172  0.9748       1.6055      1.1122       -0.1994          -0.4337           2.1456
kor_Hang  0.8600   30.9789  4.0802  1.3352       2.4514      1.0009       -0.3006          -0.3564           2.5788
jpn_Jpan  0.8466   30.4985  3.5951  1.5129       2.4909      0.7702       -0.6797          -0.3865           2.6282

# eng_Latn reference (cumulative_mono_rel0p25, t_3.6459, t_lower_bound): pps=36.0231	bpp=6.9717
