Language  Premium  PPS      BPP     EntropyTotal  EntropyMean  EntropyVar  EntropySkew  EntropyKurtosis  EntropyAutocorr1  EntropyVolatility
ita_Latn  1.1616   41.8285  7.0542  194783.8591   0.6621       0.8731      1.3087       0.5992           -0.4730           1.6037
spa_Latn  1.1423   41.1314  7.2760  190881.2981   0.6397       0.8771      1.3906       0.7740           -0.4361           1.5872
ron_Latn  1.1374   40.9549  6.9084  191913.0711   0.6803       0.9307      1.3145       0.5906           -0.4576           1.6472
deu_Latn  1.1225   40.4203  7.2735  192299.0048   0.6561       0.9530      1.4971       1.2324           -0.4008           1.6340
fin_Latn  1.1089   39.9298  6.7287  185328.0545   0.6919       0.8801      1.2118       0.3999           -0.5156           1.6334
fra_Latn  1.1071   39.8656  7.4870  185268.7550   0.6226       0.8492      1.4120       0.8781           -0.4117           1.5485
hrv_Latn  1.0922   39.3290  6.3181  185662.1941   0.7494       1.0075      1.2103       0.3656           -0.5034           1.7405
nya_Latn  1.0329   37.1936  7.6297  172185.9057   0.6086       0.7830      1.3858       0.8411           -0.4386           1.5010
tam_Taml  1.0304   37.1023  7.9007  171095.3419   0.5854       0.7546      1.3891       0.7653           -0.4168           1.4623
vie_Latn  1.0300   37.0883  7.1390  178992.1757   0.6781       1.0269      1.3161       0.2881           -0.3796           1.6833
arb_Arab  1.0212   36.7703  6.0324  177300.5509   0.8017       0.9955      0.9394       -0.6065          -0.4942           1.7248
srp_Cyrl  1.0067   36.2497  6.8900  169074.5619   0.6790       0.9192      1.3521       0.7578           -0.4556           1.6358
eng_Latn  1.0000   36.0080  6.9746  169754.1380   0.6780       0.9735      1.3851       0.7900           -0.4377           1.6731
kat_Geor  0.9840   35.4323  7.8097  165571.0718   0.6001       0.8257      1.5011       1.1545           -0.3815           1.5104
cmn_Hans  0.9828   35.3892  2.3909  200714.2122   2.3793       3.0629      0.0901       -1.4547          -0.5768           3.1080
tha_Thai  0.9659   34.7793  6.9369  168358.1961   0.6999       1.0716      1.2526       0.0887           -0.3795           1.7195
heb_Hebr  0.9547   34.3781  5.6893  165699.7326   0.8497       1.0971      0.8489       -0.7852          -0.5711           1.8567
amh_Ethi  0.9257   33.3320  5.1231  165964.0359   0.9748       1.6055      1.1122       -0.1994          -0.4337           2.1456
kor_Hang  0.8684   31.2708  4.0421  168262.2721   1.3352       2.4514      1.0009       -0.3006          -0.3564           2.5788
jpn_Jpan  0.8484   30.5507  3.5890  165382.2381   1.5129       2.4909      0.7702       -0.6797          -0.3865           2.6282

# eng_Latn reference (cumulative_mono_0, t_3.7213, t_lower_bound): pps=36.0080	bpp=6.9746
