Language  Premium  PPS      BPP      EntropyMean  EntropyVar  EntropySkew  EntropyKurtosis  EntropyAutocorr1  EntropyVolatility
cmn_Hans  1.2155   34.3290  3.4259   1.6977       0.9376      0.0188       -0.6189          0.1144            1.2887
tam_Taml  1.1623   32.8265  12.1853  0.4451       0.4601      1.9074       2.9577           -0.1638           1.0348
tha_Thai  1.1580   32.7041  10.6269  0.5193       0.6116      1.8363       2.5044           -0.0630           1.1403
arb_Arab  1.1560   32.6479  6.1621   0.8797       0.5008      0.9342       0.0407           -0.0613           1.0310
deu_Latn  1.1343   32.0371  4.6628   1.2197       1.1094      0.7183       -0.4670          0.1435            1.3786
srp_Cyrl  1.1243   31.7523  7.1528   0.7498       0.4929      1.3491       1.5876           0.0180            0.9839
ita_Latn  1.1214   31.6710  4.6931   1.2034       0.9079      0.5715       -0.6592          0.2041            1.2021
fin_Latn  1.1203   31.6409  4.4115   1.2771       0.8716      0.4791       -0.5946          0.2399            1.1511
spa_Latn  1.1153   31.4985  4.8426   1.1670       0.9697      0.6544       -0.6474          0.1558            1.2796
ron_Latn  1.1039   31.1775  4.7901   1.1785       0.9862      0.6011       -0.7024          0.2076            1.2502
vie_Latn  1.0998   31.0612  5.6451   0.9906       0.9049      0.8695       -0.3379          0.0820            1.2889
amh_Ethi  1.0957   30.9468  7.0784   0.7684       0.5794      0.8424       -0.1115          0.0404            1.0545
jpn_Jpan  1.0911   30.8164  5.2092   1.0776       0.8604      0.8040       -0.0783          0.2178            1.1601
hrv_Latn  1.0895   30.7713  4.1439   1.3718       0.9873      0.4644       -0.7465          0.1913            1.2637
kor_Hang  1.0875   30.7131  4.9286   1.1228       0.7460      0.6376       -0.1882          0.2439            1.0621
kat_Geor  1.0873   30.7081  12.1720  0.4588       0.6353      1.9131       2.6736           -0.1938           1.2316
fra_Latn  1.0860   30.6720  5.0547   1.1177       0.9373      0.6412       -0.6562          0.2015            1.2234
heb_Hebr  1.0422   29.4333  5.9453   0.9397       1.0499      0.7163       -1.0760          -0.5683           1.8146
nya_Latn  1.0088   28.4905  4.9913   1.1175       0.8585      0.6255       -0.5559          0.3075            1.0904
eng_Latn  1.0000   28.2427  4.4495   1.2724       1.0397      0.5747       -0.7007          0.1582            1.3231

# eng_Latn reference (cumulative_nomono, t_4.7584, t_midpoint): pps=28.2427	bpp=4.4495
