Language  Premium  PPS      BPP      EntropyMean  EntropyVar  EntropySkew  EntropyKurtosis  EntropyAutocorr1  EntropyVolatility
tam_Taml  1.3411   37.4173  10.6903  0.4451       0.4601      1.9074       2.9577           -0.1638           1.0348
tha_Thai  1.3367   37.2949  9.3188   0.5193       0.6116      1.8363       2.5044           -0.0630           1.1403
arb_Arab  1.2735   35.5296  5.6623   0.8797       0.5008      0.9342       0.0407           -0.0613           1.0310
srp_Cyrl  1.2501   34.8766  6.5120   0.7498       0.4929      1.3491       1.5876           0.0180            0.9839
amh_Ethi  1.2418   34.6459  6.3226   0.7684       0.5794      0.8424       -0.1115          0.0404            1.0545
kat_Geor  1.2344   34.4383  10.8536  0.4588       0.6353      1.9131       2.6736           -0.1938           1.2316
cmn_Hans  1.1657   32.5216  3.6163   1.6977       0.9376      0.0188       -0.6189          0.1144            1.2887
deu_Latn  1.1567   32.2718  4.6289   1.2197       1.1094      0.7183       -0.4670          0.1435            1.3786
kor_Hang  1.1511   32.1153  4.7134   1.1228       0.7460      0.6376       -0.1882          0.2439            1.0621
heb_Hebr  1.1423   31.8696  5.4908   0.9397       1.0499      0.7163       -1.0760          -0.5683           1.8146
jpn_Jpan  1.1344   31.6489  5.0722   1.0776       0.8604      0.8040       -0.0783          0.2178            1.1601
spa_Latn  1.1328   31.6048  4.8263   1.1670       0.9697      0.6544       -0.6474          0.1558            1.2796
vie_Latn  1.1322   31.5868  5.5512   0.9906       0.9049      0.8695       -0.3379          0.0820            1.2889
ita_Latn  1.1255   31.4002  4.7335   1.2034       0.9079      0.5715       -0.6592          0.2041            1.2021
fin_Latn  1.1128   31.0481  4.4957   1.2771       0.8716      0.4791       -0.5946          0.2399            1.1511
ron_Latn  1.1108   30.9910  4.8190   1.1785       0.9862      0.6011       -0.7024          0.2076            1.2502
fra_Latn  1.1007   30.7091  5.0486   1.1177       0.9373      0.6412       -0.6562          0.2015            1.2234
hrv_Latn  1.0850   30.2718  4.2123   1.3718       0.9873      0.4644       -0.7465          0.1913            1.2637
nya_Latn  1.0316   28.7803  4.9410   1.1175       0.8585      0.6255       -0.5559          0.3075            1.0904
eng_Latn  1.0000   27.8997  4.5042   1.2724       1.0397      0.5747       -0.7007          0.1582            1.3231

# eng_Latn reference (cumulative_mono_0, t_3.9405, t_midpoint): pps=27.8997	bpp=4.5042
