Language  Premium  PPS      BPP     EntropyMean  EntropyVar  EntropySkew  EntropyKurtosis  EntropyAutocorr1  EntropyVolatility
tam_Taml  1.4257   40.3511  9.9130  0.4451       0.4601      1.9074       2.9577           -0.1638           1.0348
tha_Thai  1.3836   39.1595  8.8751  0.5193       0.6116      1.8363       2.5044           -0.0630           1.1403
kat_Geor  1.3552   38.3551  9.7452  0.4588       0.6353      1.9131       2.6736           -0.1938           1.2316
amh_Ethi  1.3197   37.3511  5.8647  0.7684       0.5794      0.8424       -0.1115          0.0404            1.0545
arb_Arab  1.3051   36.9378  5.4464  0.8797       0.5008      0.9342       0.0407           -0.0613           1.0310
srp_Cyrl  1.2796   36.2146  6.2714  0.7498       0.4929      1.3491       1.5876           0.0180            0.9839
heb_Hebr  1.2180   34.4714  5.0764  0.9397       1.0499      0.7163       -1.0760          -0.5683           1.8146
cmn_Hans  1.2151   34.3902  3.4198  1.6977       0.9376      0.0188       -0.6189          0.1144            1.2887
jpn_Jpan  1.1824   33.4644  4.7970  1.0776       0.8604      0.8040       -0.0783          0.2178            1.1601
deu_Latn  1.1655   32.9870  4.5286  1.2197       1.1094      0.7183       -0.4670          0.1435            1.3786
vie_Latn  1.1653   32.9809  5.3166  0.9906       0.9049      0.8695       -0.3379          0.0820            1.2889
spa_Latn  1.1284   31.9368  4.7762  1.1670       0.9697      0.6544       -0.6474          0.1558            1.2796
kor_Hang  1.1273   31.9037  4.7447  1.1228       0.7460      0.6376       -0.1882          0.2439            1.0621
fra_Latn  1.1073   31.3400  4.9470  1.1177       0.9373      0.6412       -0.6562          0.2015            1.2234
ita_Latn  1.1060   31.3029  4.7482  1.2034       0.9079      0.5715       -0.6592          0.2041            1.2021
ron_Latn  1.1023   31.1976  4.7870  1.1785       0.9862      0.6011       -0.7024          0.2076            1.2502
hrv_Latn  1.0856   30.7232  4.1504  1.3718       0.9873      0.4644       -0.7465          0.1913            1.2637
fin_Latn  1.0682   30.2307  4.6173  1.2771       0.8716      0.4791       -0.5946          0.2399            1.1511
nya_Latn  1.0319   29.2036  4.8694  1.1175       0.8585      0.6255       -0.5559          0.3075            1.0904
eng_Latn  1.0000   28.3019  4.4402  1.2724       1.0397      0.5747       -0.7007          0.1582            1.3231

# eng_Latn reference (cumulative_mono_rel0p5, t_3.2485, t_midpoint): pps=28.3019	bpp=4.4402
